time_ps,trace
2.654999999999999,1.978566507303308e-08
2.685,-9.092860240553528e-09
2.715,-3.498323507139635e-08
2.744999999999999,-2.213050210868287e-09
2.774999999999999,-3.37399088296041e-11
2.804999999999999,6.940591303293802e-08
2.835,-3.442240216819172e-08
2.865,-5.066298417484431e-08
2.894999999999999,1.513468989293876e-09
2.924999999999999,1.060608214938801e-08
2.955,4.493204723335343e-08
2.984999999999999,-6.616610042151721e-09
3.015,-3.825673982754018e-08
3.044999999999999,-1.472091306275666e-08
3.074999999999999,4.568974330356645e-08
3.105,1.474129714962099e-08
3.134999999999999,-3.766905272491075e-08
3.165,-2.186743209217092e-08
3.194999999999999,5.397917115525751e-08
3.225,-1.869753172791975e-08
3.254999999999999,-4.816615525097921e-08
3.284999999999999,3.477284385166953e-08
3.315,1.97998424486173e-09
3.345,-1.911450108708974e-08
3.375,7.124881910407029e-08
3.404999999999999,8.923103485994983e-10
3.435,1.641514590173344e-08
3.464999999999999,-1.168689191040818e-08
3.495,-3.191778711648133e-08
3.524999999999999,3.9690983609717e-08
3.554999999999999,-3.707123024651376e-09
3.585,-6.365162177093516e-08
3.614999999999999,-3.391731026497659e-08
3.644999999999999,-1.833985002299337e-08
3.674999999999999,-9.093922743740903e-09
3.704999999999999,-5.898449933161804e-09
3.734999999999999,1.042658624060185e-08
3.764999999999999,-3.152721945319586e-08
3.795,-3.809689171912711e-09
3.825,4.630928391617518e-08
3.854999999999999,5.214211534656214e-08
3.885,1.16819228366768e-08
3.915,2.347101622560528e-08
3.944999999999999,5.303304643625498e-09
3.975,-2.330620076625639e-08
4.004999999999999,-2.707005401709326e-08
4.034999999999999,5.807760900997287e-08
4.065,-7.839994778101761e-08
4.095,7.640580049997442e-08
4.124999999999999,-3.581228762333571e-08
4.154999999999999,-9.646891377696897e-09
4.185,-1.227617976408551e-09
4.214999999999999,1.974197083727978e-09
4.244999999999999,-4.252844809678525e-09
4.274999999999999,1.157641697304183e-08
4.304999999999999,-4.4724420966727e-08
4.335,-6.288962163688937e-09
4.364999999999999,-2.239880693723783e-08
4.395,-2.760038387877018e-09
4.425,1.373127982776553e-08
4.454999999999999,4.461579196583839e-08
4.484999999999999,-4.449435216224832e-08
4.515,3.77626109698328e-08
4.544999999999999,-5.209308466646903e-08
4.574999999999999,6.107325489663509e-08
4.605,6.750393120321481e-09
4.635,2.501300590288061e-08
4.664999999999999,-2.778676319670595e-08
4.694999999999999,2.50898662883125e-08
4.725,-1.139570002825922e-08
4.754999999999999,-1.801907572587624e-08
4.784999999999999,2.231479561803354e-08
4.815,-6.000649736636675e-08
4.844999999999999,-2.903200042623893e-08
4.874999999999999,-1.008414900882959e-08
4.904999999999999,-1.054493537719618e-07
4.935,3.680354342889773e-08
4.964999999999999,2.953033735775509e-08
4.994999999999999,-4.563293473167666e-08
5.024999999999999,1.648446329729145e-08
5.054999999999999,1.394167997952762e-08
5.084999999999999,-1.790840806206663e-08
5.115,-2.623027558367059e-08
5.144999999999999,5.040661927486638e-10
5.174999999999999,-1.867469413901698e-08
5.205,-3.643135551916058e-08
5.234999999999999,1.567232992335529e-08
5.264999999999999,-2.775862775726093e-08
5.295,-5.058136237848305e-08
5.324999999999999,-1.265101598188035e-08
5.354999999999999,-5.230303677558647e-08
5.385,-1.343816474375729e-09
5.415,2.708981003800913e-09
5.444999999999999,-5.303441392166456e-08
5.474999999999999,-6.278794595319016e-08
5.505,-1.265418737007615e-09
5.534999999999999,-5.60209344450742e-08
5.564999999999999,-4.351232678404389e-09
5.595,2.278284188008833e-08
5.624999999999999,2.092455164529161e-09
5.654999999999998,-1.960841437971981e-08
5.685,3.593294162000345e-08
5.715,2.69186385643939e-08
5.744999999999999,5.544106410388713e-08
5.774999999999999,4.145332437962495e-08
5.805,6.030391253434214e-08
5.834999999999999,-3.543986443669577e-08
5.864999999999999,-3.609221588399301e-08
5.895,1.496493756175737e-08
5.925,-3.976557301621176e-08
5.954999999999999,2.145993312328475e-08
5.984999999999999,-2.073304687274324e-08
6.015,8.792202860844442e-08
6.044999999999999,1.068431709030168e-08
6.074999999999999,-1.651226726673353e-08
6.105,-4.508325547329293e-08
6.134999999999999,2.632023409328246e-08
6.164999999999999,2.445897752560945e-09
6.194999999999999,-2.667957763841553e-08
6.225,1.193606094911883e-08
6.255,-3.009753565626079e-08
6.284999999999999,-6.375753259835152e-08
6.315,-4.05166647819649e-08
6.345,3.54613758275318e-08
6.374999999999999,1.188876083377491e-08
6.404999999999999,4.16985949661848e-08
6.434999999999999,-4.445329968334749e-08
6.465,-7.308696666630463e-08
6.494999999999999,3.532474467346687e-08
6.524999999999999,3.577020501173221e-08
6.555,1.053328602597256e-08
6.584999999999999,-2.873153638052053e-08
6.614999999999999,-2.264181119158758e-08
6.645,-3.734842684844385e-09
6.674999999999999,-1.081087339057392e-07
6.704999999999999,-2.949209749242506e-08
6.734999999999999,6.231771232033781e-08
6.765,-8.274277290702724e-09
6.794999999999999,2.503123765389111e-09
6.824999999999999,1.406614084790538e-08
6.855,6.070253852376261e-09
6.884999999999999,1.05153488664868e-07
6.914999999999999,-4.607941203451165e-08
6.944999999999999,-2.883115286673787e-08
6.974999999999999,-8.740058748229157e-08
7.004999999999999,8.175202429226007e-08
7.034999999999999,-3.311392514421557e-08
7.065,1.596132103210776e-08
7.094999999999999,1.834808808751698e-08
7.125,8.936164485670112e-08
7.154999999999999,7.455381904075708e-10
7.184999999999999,2.421048168122871e-08
7.215,-7.800899490067358e-08
7.244999999999999,-1.280901166999192e-08
7.274999999999999,1.291815548735758e-08
7.304999999999999,4.246880543038976e-08
7.335,5.37361452999701e-08
7.364999999999998,-4.107960427292295e-10
7.394999999999999,7.761009429981736e-09
7.425,-9.376243392532997e-08
7.454999999999998,-9.174639525793652e-09
7.484999999999999,2.327529802720905e-08
7.515,-4.785590887893722e-08
7.544999999999998,9.57481714128838e-09
7.575,1.645920378741622e-08
7.605,1.683174883053186e-08
7.634999999999998,4.843666928689892e-08
7.665,2.427693346744089e-08
7.694999999999999,-3.212486436406256e-08
7.725,9.562676294676469e-09
7.755,-3.470623173178206e-08
7.784999999999999,-2.889215833691962e-08
7.815,-6.689456547486639e-08
7.845,-1.629215727624199e-08
7.874999999999998,3.265677409912808e-08
7.904999999999999,-4.639556119588673e-08
7.935,-5.876953576425252e-08
7.964999999999998,5.680450613984373e-08
7.994999999999999,-6.800364390719135e-08
8.024999999999999,-6.810507564574374e-08
8.054999999999998,-6.319556153795822e-09
8.085000000000001,9.945344383052708e-09
8.114999999999998,-5.270276820254106e-08
8.144999999999998,6.327551317384875e-09
8.175000000000001,-1.409234778908221e-08
8.204999999999998,-2.831693346926739e-08
8.234999999999999,5.199631002982408e-09
8.265000000000001,-2.819147436666891e-08
8.294999999999998,-3.49617150947794e-08
8.324999999999999,2.082528859182458e-09
8.355,-1.336882871809521e-08
8.384999999999998,-2.541470345931195e-08
8.414999999999999,1.097522444135445e-08
8.445,7.719563772760726e-09
8.474999999999998,-1.133609938865851e-08
8.504999999999999,-3.048049716295881e-09
8.535,-3.865471928606326e-09
8.564999999999998,4.348453452359733e-08
8.594999999999999,1.692424864062168e-08
8.625,-3.491380197919027e-08
8.654999999999998,2.427778043459248e-08
8.685,3.614736356672045e-08
8.715,3.52427729184385e-08
8.744999999999997,-1.940632210310428e-08
8.775,-4.549454672275388e-08
8.805,2.894756943802607e-08
8.834999999999999,1.591109875083155e-08
8.865,2.34836581023763e-08
8.895,-6.01437458434799e-09
8.924999999999999,1.905615272870639e-08
8.955,-5.373194204228393e-08
8.984999999999999,-1.015214531843258e-08
9.014999999999999,-4.024043691389666e-08
9.045,-6.243762675556391e-10
9.074999999999998,5.962650336394838e-08
9.104999999999999,5.170504004988721e-08
9.135,1.937821718959419e-08
9.164999999999997,5.833976427229544e-08
9.195,4.961183443326314e-09
9.225,-9.522189803306137e-09
9.254999999999997,-4.737695187596134e-08
9.285,2.137748614982846e-08
9.315,-3.654698421278035e-09
9.344999999999999,2.746227754384725e-08
9.375,-2.540606414959934e-08
9.404999999999999,5.079619179232548e-08
9.434999999999999,-2.990156403771042e-08
9.465,-2.056347692660526e-08
9.494999999999999,-3.242614681926941e-08
9.524999999999999,-3.296979722594431e-08
9.555,-1.921318848919514e-08
9.584999999999999,2.063358649272746e-08
9.614999999999998,-1.421208108845639e-08
9.645,2.500963426366842e-08
9.674999999999999,-2.886725736938934e-08
9.704999999999998,-1.07401566742028e-08
9.734999999999999,3.118513031771768e-08
9.764999999999999,-3.613396726783567e-08
9.795,-2.733134313331835e-08
9.824999999999999,4.612247516026856e-09
9.854999999999999,7.296228486552533e-08
9.885,-4.023955417887151e-09
9.914999999999999,6.830686282085916e-10
9.944999999999999,-1.326388091162661e-08
9.975,2.932101598048339e-09
10.005,-7.598237968029062e-08
10.035,2.173279988771447e-08
10.065,9.52891756081061e-09
10.095,-7.739104811260543e-09
10.125,-3.049713177125975e-08
10.155,-1.155611284029402e-08
10.185,-5.443040597958082e-09
10.215,-2.730203693944838e-08
10.245,-5.203423951807827e-08
10.275,-8.724287335841921e-09
10.305,2.426920511532938e-08
10.335,9.206781542966526e-08
10.365,-1.785564482660156e-08
10.395,7.016278039494675e-08
10.425,-1.891762675498601e-08
10.455,3.160117629926677e-08
10.485,3.931393967938357e-08
10.515,-4.080959778185003e-09
10.545,4.270737987608386e-09
10.575,-3.741349041226393e-08
10.605,-3.269977803261115e-09
10.635,5.265856734608039e-08
10.665,-2.643456126989581e-08
10.695,7.403186323757974e-08
10.725,2.81955513514082e-08
10.755,-3.629842461473265e-08
10.785,-1.41582519146686e-08
10.815,-5.888735319048728e-08
10.845,-1.360477486031942e-08
10.875,3.320205285556107e-08
10.905,1.060827134570065e-07
10.935,-1.984372924787649e-08
10.965,-9.178681038419628e-09
10.995,2.290251602361998e-08
11.025,-3.328634907991639e-08
11.055,1.884029180496111e-08
11.085,2.879718608172788e-08
11.115,3.458695607929093e-08
11.145,1.890702124072665e-08
11.175,3.011844600533475e-08
11.205,1.194811760072656e-08
11.235,-5.026149144320526e-08
11.265,-3.551290114877373e-08
11.295,-3.053408989750283e-08
11.325,-5.487277471144311e-08
11.355,-1.893462096140246e-08
11.385,-7.322033742231281e-08
11.415,-7.936966415493217e-08
11.445,1.968897740879349e-08
11.475,-1.690363557918964e-08
11.505,-4.88885096196082e-08
11.535,-3.33111358815864e-08
11.565,-2.672708648809966e-09
11.595,3.100567564426739e-08
11.625,1.003050535466142e-07
11.655,-1.791906600511416e-09
11.685,-1.275419534551837e-08
11.715,3.249283507862378e-08
11.745,-3.559276054175054e-08
11.775,4.250084748467841e-09
11.805,-2.654231177008884e-08
11.835,3.527784728065686e-08
11.865,3.377364619414324e-08
11.895,-5.037013401079697e-09
11.925,3.610832199361493e-08
11.955,1.373814784890994e-09
11.985,2.97130324207786e-08
12.015,-2.472789086173925e-08
12.045,-2.847002280185191e-08
12.075,4.740184224300134e-08
12.105,1.370096484286647e-08
12.135,-7.126899083046077e-08
12.165,-8.340550038341281e-10
12.195,2.46208356596947e-08
12.225,-3.198760147456894e-08
12.255,-1.677204040593779e-08
12.285,6.9495856636603e-08
12.315,2.187960194465155e-08
12.345,1.609563703089203e-08
12.375,-3.93797317835176e-08
12.405,-4.118001651222714e-08
12.435,3.213370980631127e-08
12.465,-2.67944475789057e-08
12.495,-1.678788512719426e-08
12.525,9.631722443218844e-09
12.555,-2.38162644489531e-08
12.585,-6.453151800655366e-08
12.615,1.114786802822334e-08
12.645,3.539807337024891e-08
12.675,2.321584195169935e-08
12.705,-2.497532464492541e-08
12.735,1.152783544033779e-08
12.765,4.812819762517736e-08
12.795,3.419366465520489e-08
12.825,9.796158630182489e-09
12.855,-1.420471400409684e-08
12.885,5.707353943744137e-08
12.915,4.416302015279505e-08
12.945,-5.788326171112911e-08
12.975,-1.687011753766064e-09
13.005,1.550070649954268e-08
13.035,8.407421781432279e-08
13.065,7.147606121461904e-08
13.095,-2.131418601954244e-08
13.125,1.206874536986274e-08
13.155,-2.660424711641254e-08
13.185,5.367109433988338e-09
13.215,-3.966013022681914e-08
13.245,-8.978947246146302e-09
13.275,-9.652217792228095e-09
13.305,1.643634364878889e-08
13.335,1.024631034568684e-08
13.365,-2.666025090793854e-08
13.395,-3.365599179670173e-08
13.425,4.399047762682301e-08
13.455,-2.476879371123318e-08
13.485,-3.789657955027714e-08
13.515,3.760556112853092e-08
13.545,-3.108465772953692e-09
13.575,-2.024162485935859e-08
13.605,3.370457125469005e-09
13.635,3.736575763891445e-08
13.665,-2.535021672335898e-08
13.695,2.225762357295415e-08
13.725,-8.548590852131531e-09
13.755,-9.504511330623672e-09
13.785,-2.244674342379328e-08
13.815,7.040885956992299e-09
13.845,1.494393837669545e-08
13.875,1.360277741709298e-08
13.905,-7.408249326199044e-09
13.935,2.134836868780454e-08
13.965,-3.05207326665118e-09
13.995,9.341532780009296e-09
14.025,-4.855831580788937e-08
14.055,-6.769686333964111e-08
14.085,-4.821913065196164e-08
14.115,5.532990266849573e-08
14.145,6.798816920881119e-09
14.175,1.113481586345307e-08
14.205,2.127017058994586e-08
14.235,-1.533525159274154e-08
14.265,4.941268065668193e-08
14.295,-6.438394623423316e-08
14.325,-3.810720357439557e-08
14.355,3.60951820226277e-08
14.385,1.058027046915477e-08
14.415,-2.162777935721074e-08
14.445,-2.481650932134209e-08
14.475,-2.31093214858946e-08
14.505,9.352749566609859e-09
14.535,2.528352359932668e-08
14.565,1.231016035037124e-08
14.595,1.861706277639673e-08
14.625,4.690573537487018e-08
14.655,-5.894029999961169e-08
14.685,-4.177799161962203e-08
14.715,4.352226312472101e-08
14.745,4.332808394445824e-08
14.775,-7.254137080005193e-08
14.805,4.201892844562046e-08
14.835,-3.630019362834189e-08
14.865,-2.800207896458472e-08
14.895,5.137736361578892e-08
14.925,-3.760158736184846e-08
14.955,-3.680992835798728e-08
14.985,1.921397313340211e-08
15.015,1.269707238349106e-08
15.045,-7.112685476030466e-09
15.075,-1.685223162636884e-09
15.105,-8.927545349219469e-08
15.135,-6.590678034749877e-09
15.165,1.342807028588476e-08
15.195,-3.982556852856256e-08
15.225,4.141039644053353e-08
15.255,3.205537848882504e-08
15.285,1.005384516347089e-08
15.315,3.654084782924783e-09
15.345,-2.740012981088824e-08
15.375,2.320038312112344e-08
15.405,-1.452275534173045e-08
15.435,-1.443001374785275e-08
15.465,1.878008116291301e-08
15.495,3.775667957614076e-08
15.525,-1.735719507628197e-08
15.555,-5.945186439272588e-09
15.585,-4.881229088477988e-08
15.615,-2.553002378362509e-08
15.645,1.074935757425103e-08
15.675,1.488459568537478e-08
15.705,-9.859505084061735e-09
15.735,-3.663566809773998e-08
15.765,8.912701932210841e-09
15.795,6.643332616217281e-08
15.825,-6.918949059835837e-08
15.855,-9.114975044207762e-10
15.885,-4.525972559690891e-09
15.915,2.936809609553132e-08
15.945,4.181286047654902e-08
15.975,-2.262427250191145e-08
16.005,-5.585131429997753e-08
16.035,5.486030548187916e-08
16.065,5.846920412907347e-09
16.095,-1.450100611177709e-08
16.125,-6.11749635169123e-09
16.155,-6.732168841600168e-09
16.185,1.357413141596055e-08
16.215,2.333831547952274e-08
16.245,1.188531579713681e-08
16.275,-5.97388335099369e-08
16.305,-2.052155224810219e-08
16.335,-1.764523535020612e-09
16.365,-3.867562227490796e-08
16.395,1.171317607642585e-08
16.425,7.225213921205158e-08
16.45499999999999,1.486324264819781e-08
16.485,3.047944215169485e-08
16.515,7.531479385663293e-08
16.545,1.009122858064708e-08
16.575,1.016443836648266e-08
16.605,-2.208154004521771e-08
16.635,-7.012050455277902e-08
16.665,-4.604753123401382e-08
16.695,1.386938444612198e-08
16.725,1.962325657086576e-08
16.755,-1.42758490273261e-08
16.785,8.841043961000956e-09
16.815,1.161134968773528e-09
16.845,3.085282244497198e-08
16.875,-6.612799875608047e-09
16.905,-4.776349598039492e-08
16.935,1.771705695477119e-08
16.965,-5.231489673190523e-08
16.995,5.241586284367855e-09
17.025,-4.015548591730644e-08
17.055,-1.653453534814853e-08
17.085,5.256681465115598e-09
17.115,-5.102739144419166e-08
17.145,5.035552593825321e-09
17.175,3.657419703206877e-08
17.205,8.645562946107965e-09
17.235,-6.231200630826828e-08
17.265,1.206860268557035e-08
17.295,2.61846916241662e-08
17.325,-4.345400769420471e-08
17.355,2.766076629377723e-08
17.385,3.043093539656372e-08
17.415,9.646189215450907e-09
17.445,-2.520514288169989e-08
17.475,-4.276158937707719e-08
17.505,-2.998529187426234e-08
17.535,-2.778946850846148e-08
17.565,2.498631522344918e-08
17.595,-1.813060364862229e-08
17.625,-4.949006525770128e-09
17.655,-1.975147187298354e-09
17.685,-5.09322956037013e-08
17.715,-3.088257581563766e-08
17.745,3.253444257175688e-08
17.775,-3.253613142231368e-08
17.805,-8.297358041224265e-08
17.835,1.415748212890353e-08
17.865,-4.163916395754155e-08
17.895,4.996623300008995e-09
17.925,-1.876406111522497e-08
17.955,-5.614886454982475e-08
17.985,3.62353066865953e-09
18.015,2.370514161543656e-08
18.045,-1.058978607058956e-08
18.075,2.935759056156822e-09
18.105,2.440711668644409e-08
18.135,-9.336894711813731e-09
18.165,-3.863223133017055e-08
18.195,-1.360058722750784e-08
18.225,-5.123232425081024e-08
18.255,5.674369227422725e-08
18.285,4.065403460813515e-09
18.315,2.82952236702516e-08
18.345,3.995754180890934e-08
18.375,-1.273868779738511e-08
18.405,-1.520979416505118e-08
18.435,-5.514204876077341e-08
18.465,2.009949039328976e-08
18.495,-4.790235266365376e-09
18.525,8.812157873116242e-09
18.555,2.32606410799092e-08
18.585,-2.095514241024898e-08
18.615,-5.292069875931704e-08
18.645,-5.995964296614631e-09
18.675,2.992984930100045e-08
18.705,4.891588664691622e-08
18.735,2.682409234379971e-08
18.765,-1.076802251076702e-08
18.795,6.710877576573973e-08
18.825,5.437875843612719e-08
18.855,8.850220845807271e-08
18.885,-1.156801284835541e-08
18.915,5.854435482426829e-08
18.945,-2.133747993786137e-08
18.975,-2.623426969402615e-08
19.005,9.796639588019251e-09
19.035,3.362346582209871e-08
19.065,5.424540767014061e-08
19.095,3.473176090041283e-08
19.125,-5.118930881328821e-08
19.155,5.552889744104989e-08
19.185,-9.034126174819719e-09
19.215,-2.788517242255104e-08
19.245,3.709783334319245e-08
19.275,-4.569991099798453e-08
19.305,2.009195187511987e-08
19.335,4.25991421043213e-08
19.365,5.112974049201446e-08
19.395,-4.23742557908519e-08
19.425,9.034840640005816e-09
19.455,2.236110638849519e-08
19.485,-4.495453706112966e-09
19.515,6.865604972692028e-09
19.545,9.902009660824279e-09
19.575,1.378397240228355e-08
19.605,-3.73614656701023e-08
19.635,2.674153413855616e-08
19.665,-4.20477301317203e-08
19.695,-1.432280675464447e-08
19.725,-4.743384230584868e-08
19.755,-2.815227199781008e-08
19.785,9.270388151412864e-08
19.815,-1.945261752449545e-09
19.845,-4.097805729544809e-08
19.875,2.716319518997841e-09
19.905,7.995402888267162e-09
19.935,3.132330836397458e-08
19.965,2.121147897685285e-08
19.995,1.036359839894293e-07
20.025,-7.003435820853663e-08
20.055,1.27956910936334e-08
20.085,-2.479990908837746e-08
20.115,3.571528669002534e-08
20.145,2.76820978930077e-08
20.175,2.738648213633486e-08
20.205,-6.445399354068596e-08
20.235,-1.839552045754047e-08
20.265,-3.145773337388916e-08
20.295,3.27060072162941e-09
20.325,-2.694616208333625e-08
20.355,-4.187941293751792e-08
20.385,6.343442534095018e-08
20.415,3.040225862713398e-08
20.445,4.823291615738824e-08
20.475,-3.82848127797333e-08
20.505,-8.814337867380843e-09
20.535,-5.433194067332923e-08
20.565,2.849258235120549e-08
20.595,-2.022720954308719e-08
20.625,-4.810194571886689e-08
20.655,-1.830540975437679e-08
20.685,3.547172915321064e-08
20.715,-1.089276548433014e-09
20.745,-5.041239939441682e-08
20.775,-3.300027211302858e-08
20.805,4.309098642603108e-09
20.835,-1.092821360475181e-09
20.865,6.870946680295346e-08
20.895,-4.527636002626567e-08
20.925,2.997135580839563e-08
20.955,3.803090728352298e-08
20.985,-4.649986959535294e-08
21.015,2.777488409350727e-08
21.045,2.802383329088799e-08
21.075,-3.150398316471422e-08
21.105,7.948483259536154e-08
21.135,2.984574716992852e-08
21.165,-2.941753743085058e-08
21.195,3.749655999225418e-08
21.225,-2.103858831307534e-09
21.255,4.627706082284263e-08
21.285,-2.482214600890976e-08
21.315,-4.757291256235213e-08
21.345,2.051907062117499e-08
21.375,-4.491055930975324e-08
21.405,4.721573020902427e-08
21.435,5.666302063405236e-08
21.465,-3.747338320869766e-08
21.495,1.766241092737791e-08
21.525,9.145321884962255e-09
21.555,-3.111689542875579e-08
21.585,5.076859383609002e-08
21.615,-5.269901454084235e-08
21.645,-2.997109025926205e-08
21.675,7.182682128768975e-08
21.705,1.749710349245608e-08
21.735,-2.958792560638224e-09
21.765,9.585546178670759e-09
21.795,2.815468499514126e-08
21.825,1.782526646851957e-08
21.855,-1.660917799988589e-08
21.885,-2.330262199371802e-08
21.915,-1.171715996009974e-07
21.945,2.590117450876119e-08
21.975,2.661315101752426e-08
22.005,-2.764564040090432e-09
22.035,3.460851539518262e-08
22.065,-8.20610986881113e-09
22.095,3.266202387895509e-08
22.125,5.262626000215411e-08
22.155,-1.330466132137511e-08
22.185,-2.645926646604549e-08
22.215,-3.687626311080461e-08
22.245,2.905977954378135e-08
22.275,-3.525760613516492e-08
22.305,1.445903036382888e-08
22.335,7.088135737830446e-08
22.365,-2.327652826361088e-08
22.395,-1.291652358068876e-09
22.425,-3.063630157030013e-08
22.455,-8.457684667817108e-09
22.485,3.870178705253549e-08
22.515,6.849214764642998e-08
22.545,-4.704326078957822e-09
22.575,-3.982701760630119e-08
22.605,3.948240489214287e-08
22.635,1.741382960116566e-08
22.665,-1.274860026743542e-09
22.695,2.262273679769317e-08
22.725,2.269825764161024e-09
22.755,2.946892892965703e-09
22.785,-1.220435618217115e-08
22.815,2.501349047571169e-08
22.845,-2.638249978602838e-08
22.875,2.44495003010098e-10
22.905,2.34573820002368e-08
22.935,1.623683005405842e-08
22.965,6.695173738414649e-08
22.995,-5.079459838264088e-08
23.025,-4.901157832755457e-08
23.055,1.72982196357874e-09
23.085,2.475415352108894e-08
23.115,3.704919888299773e-09
23.145,-1.806848240733698e-08
23.175,-1.248297272303404e-08
23.205,2.658635471943012e-08
23.235,-1.653328881500856e-09
23.265,-8.329622932080472e-08
23.295,1.891452264560586e-08
23.325,1.347506833789048e-08
23.355,-3.507333005509221e-08
23.385,-1.955037348101483e-08
23.415,3.27140448124751e-08
23.445,-5.640674500048642e-08
23.475,5.811338259226065e-08
23.505,-5.837029086229199e-09
23.535,-2.254155789903238e-08
23.565,-3.302913417954849e-08
23.595,-3.577969766420097e-08
23.625,4.88268885262264e-08
23.655,-5.252222606334607e-08
23.685,-2.503808677757631e-08
23.715,-5.34405598637242e-09
23.745,1.380328837366588e-08
23.775,1.271481748367674e-09
23.805,-2.247759568801473e-08
23.835,1.241779739218658e-08
23.865,-2.261153252616703e-08
23.895,3.922730882386569e-08
23.925,-4.568163884299084e-08
23.955,-3.665754516817887e-08
23.985,-2.882043170969136e-09
24.015,-4.41352382850023e-09
24.045,2.862116490397827e-08
24.075,-5.735872455557681e-08
24.105,3.205087254273272e-08
24.135,-1.145519814286833e-08
24.165,4.158010900206624e-08
24.195,1.174566051317011e-08
24.225,8.865318808412277e-09
24.255,4.734499796926745e-08
24.285,-4.054742840672274e-08
24.315,2.78547894829752e-08
24.345,8.603001075723466e-08
24.375,-5.653704468173312e-08
24.405,-1.693621472154933e-08
24.435,-1.904462704738593e-08
24.465,3.761468254370195e-09
24.495,-1.583171706867286e-08
24.525,-4.415700046746162e-08
24.555,4.218056764945967e-08
24.585,6.981195959259486e-09
24.615,1.064619734603427e-08
24.645,-2.451404302840414e-08
24.675,-8.777526763141774e-09
24.705,5.061952472900407e-08
24.735,5.597844629173332e-10
24.765,2.304647371726914e-08
24.795,-2.340743770324512e-08
24.825,-4.089086734322613e-09
24.855,-4.101592044713541e-08
24.885,3.060767415453763e-08
24.915,-6.232444151965753e-10
24.945,1.013058768083429e-08
24.975,2.028923649342884e-08
25.005,-4.846671073818857e-09
25.035,3.757444523378852e-08
25.065,-8.727740385281254e-09
25.095,-1.753922390278966e-08
25.125,4.955979190690278e-08
25.155,1.112703065323921e-08
25.185,5.071842743530742e-08
25.215,-2.647937616386553e-08
25.245,3.674633185065786e-08
25.275,3.363343812634465e-08
25.305,-2.214310355607156e-08
25.335,2.952140672688919e-08
25.365,-4.536195398323158e-08
25.395,1.126913991240713e-09
25.425,-1.025069320327213e-08
25.455,-1.028947395780618e-08
25.485,8.120870784915444e-11
25.515,4.747376953786423e-08
25.545,-1.806623342934713e-08
25.575,-2.084967253770462e-08
25.605,2.255422507006389e-08
25.635,1.417594805916547e-08
25.665,3.150173038251136e-08
25.695,1.385302650807371e-08
25.725,1.3979184869609e-09
25.755,5.2809222559386e-08
25.785,5.735814717483986e-08
25.815,2.777827606139331e-08
25.845,5.226764217620196e-09
25.875,2.74390657574233e-08
25.905,1.591893774002527e-08
25.935,-4.285046888591212e-09
25.965,6.322756931088485e-09
25.995,3.542257901994886e-08
26.025,-2.104772085683289e-08
26.055,2.019309189836639e-08
26.085,-9.106026546066144e-09
26.115,1.459947014052681e-08
26.145,-2.36861908074625e-08
26.175,4.868954256177896e-09
26.205,-3.305312121892523e-08
26.235,5.531547561756541e-08
26.265,-1.676232764472656e-08
26.295,3.535796422960024e-08
26.325,-3.712761944820871e-08
26.355,2.14069922336484e-08
26.385,2.741525988278994e-08
26.415,2.969647441823398e-08
26.445,-8.62388832690268e-09
26.475,-6.956444365788204e-08
26.505,8.072843266917692e-09
26.535,-1.486519851482898e-08
26.565,-1.501866664760287e-08
26.595,3.783087504556377e-08
26.625,-1.704364323754619e-08
26.655,-4.7169597842973e-08
26.685,-9.963775280278438e-09
26.715,-5.966575755730259e-08
26.745,6.48739161322005e-09
26.775,5.805919856543762e-08
26.805,1.652432768243879e-08
26.835,-3.133587801336358e-10
26.865,-5.457202874212627e-08
26.895,-1.145692810120122e-08
26.925,-7.254008152914293e-08
26.955,5.215670915033446e-09
26.985,-1.361199891049421e-08
27.015,9.165164213397693e-08
27.045,-2.814615176452263e-08
27.075,2.281789506340066e-08
27.105,5.94888780935799e-09
27.135,-1.656566433204363e-08
27.165,3.589794030422002e-08
27.195,3.251447209086047e-09
27.225,-1.767732678774908e-08
27.255,2.096755536609148e-08
27.285,-3.170470291772077e-08
27.315,-1.030821961723629e-08
27.345,1.032454308059976e-08
27.375,-3.755845231516648e-08
27.405,-4.364680982900021e-08
27.435,-1.864175968294116e-08
27.465,2.175753581275708e-08
27.495,-5.113932795447427e-08
27.525,-4.326543432839282e-10
27.555,-2.385461279795162e-08
27.585,-3.926685945789579e-09
27.61499999999999,-2.667022234063162e-08
27.645,6.718140942555504e-08
27.675,-5.632751905930859e-08
27.705,-4.647304395468072e-08
27.735,2.777368082291389e-08
27.765,2.56586967018927e-08
27.795,2.983056142207686e-09
27.825,-4.235308175795066e-08
27.855,-1.035269143693639e-09
27.885,9.569708921273372e-09
27.915,3.683785729534833e-08
27.945,4.777613250154771e-08
27.975,-8.347892967287306e-08
28.005,-9.033933116627538e-09
28.035,1.177865981566586e-08
28.065,-1.626715271588812e-08
28.095,8.025530715454675e-09
28.125,-1.487363161751181e-08
28.155,1.344868023104532e-09
28.185,5.963173012733016e-08
28.215,1.22791279730605e-08
28.245,-5.755783759832833e-10
28.275,-3.650223453791827e-08
28.305,-2.335969067024336e-09
28.335,1.856595644505809e-08
28.365,5.605518503391154e-10
28.395,2.286398002474482e-08
28.425,-2.930349339461968e-08
28.455,-6.275320133207463e-09
28.485,-4.792683830197333e-08
28.515,-4.328165249655529e-08
28.545,6.303793870295291e-08
28.575,-1.980469152814746e-08
28.605,2.770867615880035e-08
28.635,-3.516160683635097e-08
28.665,1.934323751786663e-08
28.695,7.222870922348433e-09
28.725,-7.160473189131899e-08
28.755,-1.950351117309469e-08
28.785,-2.134912727467259e-08
28.815,-6.234743023326834e-08
28.845,-3.172461699986351e-08
28.875,3.535333777829214e-08
28.905,8.53018021488612e-09
28.935,4.473510400623251e-09
28.965,-2.151267577491577e-08
28.995,-3.113294681947079e-08
29.025,-1.059139631776279e-08
29.055,4.804957722199374e-08
29.085,-1.145771280422955e-08
29.11499999999999,-3.017084693424733e-08
29.14499999999999,5.080493587009534e-09
29.175,-1.177187372304974e-08
29.205,8.418722157563945e-09
29.235,-4.385368471104925e-08
29.265,2.891613809240763e-08
29.295,-2.239050947299524e-08
29.325,-3.330489741855926e-08
29.355,-2.482727390149409e-08
29.385,-6.838553276566493e-09
29.415,3.609340707954049e-08
29.445,-2.810114293101955e-08
29.47499999999999,1.28522516012977e-08
29.505,-5.900781271571886e-09
29.535,-2.019115833242204e-08
29.565,1.64914106483467e-08
29.595,1.004815860137592e-08
29.625,-1.391427284538047e-08
29.655,-3.963465798003348e-08
29.685,8.023897010242683e-09
29.715,-1.158514993105633e-09
29.745,-5.664323683870931e-08
29.775,-1.09587748579361e-08
29.80499999999999,-2.710656306283916e-08
29.835,2.889416248842678e-08
29.865,-2.793403124622197e-08
29.895,-5.032594686478936e-08
29.925,-1.474766729218005e-08
29.955,2.295260299312775e-08
29.985,-1.543092223563444e-08
30.015,-1.008675681848025e-08
30.045,1.391916908779535e-08
30.075,1.475999324005621e-08
30.105,-2.106477207934772e-10
30.13499999999999,-8.136982899524932e-09
30.16499999999999,-4.430853805605748e-08
30.195,9.737361407520669e-09
30.225,2.064602506671046e-08
30.255,3.51271777908159e-08
30.285,-6.044758737982421e-08
30.315,-1.174860436217514e-08
30.345,1.613830063480393e-08
30.375,-7.600898567430988e-09
30.405,-4.243911296242277e-08
30.435,7.691733822570978e-09
30.465,8.51018628907657e-09
30.49499999999999,-3.270181815629637e-08
30.525,8.74123983800337e-09
30.555,-3.203089664524018e-08
30.585,5.986191729684341e-08
30.615,2.574011731249943e-08
30.645,9.578925871418916e-08
30.675,-5.440350480827088e-08
30.705,-3.981416364328663e-08
30.735,-3.826605707920195e-09
30.765,5.330547370580019e-08
30.79499999999999,-3.065443493733096e-09
30.825,-1.482584905933499e-08
30.85499999999999,-9.081580984419296e-09
30.885,-3.538904759006463e-10
30.915,1.6781294780084e-08
30.945,-7.32401255593333e-09
30.975,-2.21075780013717e-08
31.005,1.58230061828699e-08
31.035,3.268644602250385e-09
31.065,-3.685172156965688e-08
31.095,2.535904290121857e-08
31.125,4.440785063602036e-08
31.15499999999999,-8.864076352760162e-09
31.185,5.72162974861031e-08
31.215,-2.249098793576115e-08
31.245,-9.851581482882594e-08
31.275,-1.43334529657368e-08
31.305,-3.130124629333226e-09
31.335,-1.14077794656919e-08
31.365,-7.548562805153382e-08
31.395,-5.37339702417595e-08
31.425,-7.688860540944314e-08
31.45499999999999,-6.174885767146193e-09
31.485,-1.893639565540099e-08
31.51499999999999,-3.426990591870742e-10
31.545,1.263020319416171e-07
31.575,-1.0497150249592e-08
31.605,-1.242033696513068e-08
31.635,-1.101402311494843e-08
31.665,-2.137154857650422e-08
31.695,8.146132931145041e-10
31.725,3.669085476608547e-08
31.755,3.377526774026165e-08
31.785,1.710926770194898e-08
31.81499999999999,1.502587236973634e-08
31.845,-4.876916631062691e-08
31.87499999999999,2.86345267495777e-08
31.90499999999999,-6.335054409762082e-08
31.935,3.775596667414719e-08
31.965,-5.292145805235645e-09
31.995,3.469092844951444e-08
32.025,1.969859337338004e-08
32.055,4.602660452722847e-08
32.085,-5.784939671422214e-08
32.11499999999999,8.969950907366983e-08
32.145,-6.179338692462405e-09
32.175,3.56103838338618e-08
32.20499999999999,-4.063021705888394e-08
32.23499999999999,4.162856430530245e-08
32.26499999999999,2.113915848352585e-08
32.295,-8.012563577410194e-09
32.325,-4.132066090419996e-08
32.355,-2.501197318478013e-09
32.385,-2.715482483029214e-08
32.415,1.457905763750959e-08
32.445,-5.293364577575504e-08
32.47499999999999,5.318053670115639e-08
32.505,-7.614147554295468e-08
32.535,4.549952678574334e-08
32.56499999999999,1.353326663451929e-08
32.59499999999999,-4.466071770965806e-08
32.62500000000001,-2.483909915603852e-08
32.655,-8.357889800105438e-09
32.685,3.465494714221176e-08
32.715,2.766027726463466e-08
32.745,-2.208202919754259e-08
32.775,-9.462129168824493e-08
32.805,3.16069736786314e-08
32.83499999999999,7.277917898470887e-09
32.86499999999999,-5.271273134926986e-08
32.895,5.831432588787361e-08
32.92499999999999,6.61074002516313e-08
32.95500000000001,3.231941310084658e-08
32.985,-4.149883862918514e-09
33.015,-7.551825338362333e-09
33.045,1.202111685290119e-08
33.075,-3.739567160242246e-09
33.105,-1.519208037899933e-08
33.135,-7.207143881550433e-08
33.165,4.675723642390061e-08
33.19499999999999,-3.1101501871551e-09
33.22499999999999,-3.213778809646302e-08
33.255,-1.682766529216567e-08
33.28499999999999,2.823952141240563e-08
33.315,4.127943429483064e-08
33.345,-1.87328427043594e-08
