time_ps,trace
2.654999999999999,-7.533952698260379e-05
2.685,-8.8952425399986e-05
2.715,-9.388716732207806e-05
2.744999999999999,-8.327428571750234e-05
2.774999999999999,-5.017996866816394e-05
2.804999999999999,1.049193251383957e-05
2.835,9.988607571979672e-05
2.865,0.0002136371217142073
2.894999999999999,0.000341623883518792
2.924999999999999,0.000469415397861107
2.955,0.000581150220914755
2.984999999999999,0.0006629761332305392
3.015,0.0007059013660259432
3.044999999999999,0.000707127917414275
3.074999999999999,0.0006695509166121583
3.105,0.0005998118418091668
3.134999999999999,0.0005057634710177937
3.165,0.0003942756755184384
3.194999999999999,0.0002700372661100342
3.225,0.0001355819184099133
3.254999999999999,-7.624066444195946e-06
3.284999999999999,-0.0001574541929233182
3.315,-0.0003093091062633876
3.345,-0.000454812456475761
3.375,-0.0005815537133725873
3.404999999999999,-0.0006742272878264012
3.435,-0.0007171675676581298
3.464999999999999,-0.0006978196144034475
3.495,-0.0006102641378494022
3.524999999999999,-0.0004577286852751632
3.554999999999999,-0.0002532024082424463
3.585,-1.781181543507471e-05
3.614999999999999,0.0002226833509718423
3.644999999999999,0.0004423364236280548
3.674999999999999,0.0006192410191210235
3.704999999999999,0.0007385699625176535
3.734999999999999,0.0007939357834963245
3.764999999999999,0.0007871166998307921
3.795,0.0007265746799065037
3.825,0.0006253329050434763
3.854999999999999,0.0004987136992614466
3.885,0.0003622707881233867
3.915,0.0002300885374824755
3.944999999999999,0.0001135266888015014
3.975,2.04647538529807e-05
4.004999999999999,-4.489614470453812e-05
4.034999999999999,-8.164146187410881e-05
4.065,-9.121945858654196e-05
4.095,-7.61873106985347e-05
4.124999999999999,-3.896329881276593e-05
4.154999999999999,1.903576796524468e-05
4.185,9.75907254874349e-05
4.214999999999999,0.0001971458810704879
4.244999999999999,0.000317727714786055
4.274999999999999,0.0004576684325237012
4.304999999999999,0.0006125117137134997
4.335,0.0007743723934469395
4.364999999999999,0.0009318598926118019
4.395,0.001070543409510924
4.425,0.00117388324829632
4.454999999999999,0.001224567620856753
4.484999999999999,0.001206227926871538
4.515,0.001105502068479631
4.544999999999999,0.0009143410667473375
4.574999999999999,0.0006323102477137892
4.605,0.0002684616014982758
4.635,-0.0001577763270886353
4.664999999999999,-0.0006172344286325054
4.694999999999999,-0.001073481825650562
4.725,-0.001487025873323371
4.754999999999999,-0.001820583197888539
4.784999999999999,-0.002044362575526569
4.815,-0.002140206192467954
4.844999999999999,-0.002103721516566076
4.874999999999999,-0.001944089485191224
4.904999999999999,-0.00168182745767329
4.935,-0.001345201350392103
4.964999999999999,-0.000966122659323919
4.994999999999999,-0.0005762694935486675
5.024999999999999,-0.0002039450102671434
5.054999999999999,0.0001280657886542981
5.084999999999999,0.0004036011533346805
5.115,0.000613318302691032
5.144999999999999,0.0007542148981546393
5.174999999999999,0.0008287480044590599
5.205,0.0008437901408633353
5.234999999999999,0.0008095807639534279
5.264999999999999,0.0007387368469010935
5.295,0.0006453156102631606
5.324999999999999,0.0005438986592114737
5.354999999999999,0.0004486883993730863
5.385,0.0003726510435928459
5.415,0.0003267729142164702
5.444999999999999,0.0003194942879776724
5.474999999999999,0.0003563466890950141
5.505,0.0004397672708576914
5.534999999999999,0.0005690287687176515
5.564999999999999,0.0007402265173572393
5.595,0.0009463044667137531
5.624999999999999,0.00117715914811482
5.654999999999998,0.001419904945543903
5.685,0.00165939204665298
5.715,0.001879031174172854
5.744999999999999,0.002061906059541183
5.774999999999999,0.002192071238471359
5.805,0.002255872284061095
5.834999999999999,0.002243113471683894
5.864999999999999,0.002147936555853566
5.895,0.001969340710942657
5.925,0.001711334623637114
5.954999999999999,0.001382746286946346
5.984999999999999,0.0009967250163799683
6.015,0.0005699673681386811
6.044999999999999,0.0001216970721471625
6.074999999999999,-0.0003275634698246172
6.105,-0.0007573711929947648
6.134999999999999,-0.001148794598966324
6.164999999999999,-0.00148576314956973
6.194999999999999,-0.001756171511914029
6.225,-0.001952590218954045
6.255,-0.002072492640720203
6.284999999999999,-0.00211799196547519
6.315,-0.002095160464346865
6.345,-0.002013055001476944
6.374999999999999,-0.001882594292788268
6.404999999999999,-0.001715432032029429
6.434999999999999,-0.001522951228108211
6.465,-0.001315470476560194
6.494999999999999,-0.001101706513444538
6.524999999999999,-0.0008884900442611742
6.555,-0.0006806968710109478
6.584999999999999,-0.0004813420825435804
6.614999999999999,-0.0002917905977844887
6.645,-0.0001120537382114651
6.674999999999999,5.884338785034708e-05
6.704999999999999,0.0002224347582414806
6.734999999999999,0.0003803473654110678
6.765,0.0005338358339229964
6.794999999999999,0.0006833757236972683
6.824999999999999,0.0008283819206034884
6.855,0.0009671116209644282
6.884999999999999,0.001096789377468938
6.914999999999999,0.0012139588149129
6.944999999999999,0.0013150275594556
6.974999999999999,0.00139693293665503
7.004999999999999,0.001457819146251815
7.034999999999999,0.001497587845328374
7.065,0.001518176615478593
7.094999999999999,0.001523451352544682
7.125,0.001518677922012222
7.154999999999999,0.00150965039798558
7.184999999999999,0.001501658499762957
7.215,0.001498531023178965
7.244999999999999,0.001501971422664354
7.274999999999999,0.001511316289697872
7.304999999999999,0.00152373358839911
7.335,0.001534777286555448
7.364999999999998,0.001539156665162448
7.394999999999999,0.001531567110698247
7.425,0.00150745081255074
7.454999999999998,0.00146359158547578
7.484999999999999,0.00139848620615407
7.515,0.001312472237852023
7.544999999999998,0.001207628108204695
7.575,0.001087490360227609
7.605,0.000956649770528451
7.634999999999998,0.000820291422299511
7.665,0.0006837378764672179
7.694999999999999,0.0005520435093740239
7.725,0.0004296731995254245
7.755,0.0003202803241582133
7.784999999999999,0.0002265802723870224
7.815,0.0001503013088500761
7.845,9.218862255388204e-05
7.874999999999998,5.204051272021519e-05
7.904999999999999,2.876544186336157e-05
7.935,2.046096578314984e-05
7.964999999999998,2.452608164314632e-05
7.994999999999999,3.782419159844822e-05
8.024999999999999,5.69132291648689e-05
8.054999999999998,7.835251867409995e-05
8.085000000000001,9.908312504955391e-05
8.114999999999998,0.0001168602669430279
8.144999999999998,0.0001306941873577772
8.175000000000001,0.0001412342517986436
8.204999999999998,0.0001510189587981053
8.234999999999999,0.0001645224920179199
8.265000000000001,0.0001879609799971152
8.294999999999998,0.0002288704707450018
8.324999999999999,0.0002955133034626147
8.355,0.0003961875603071369
8.384999999999998,0.0005384942973594718
8.414999999999999,0.0007285663337425874
8.445,0.0009702030290973757
8.474999999999998,0.001263815924555861
8.504999999999999,0.001605093924182343
8.535,0.001983356608817669
8.564999999999998,0.002379682265625041
8.594999999999999,0.002765069045909497
8.625,0.003099106140200595
8.654999999999998,0.00332987977645851
8.685,0.003396065458537879
8.715,0.003232245210207962
8.744999999999997,0.002778235281930538
8.775,0.00199237988227667
8.805,0.0008672453801025484
8.834999999999999,-0.000555817248636146
8.865,-0.002178410040772191
8.895,-0.00384844138694461
8.924999999999999,-0.005378136191407644
8.955,-0.006575162795257532
8.984999999999999,-0.007280030427441997
9.014999999999999,-0.007399396411110942
9.045,-0.006925274277149391
9.074999999999998,-0.005934605167036425
9.104999999999999,-0.004570317103567235
9.135,-0.003010786631757074
9.164999999999997,-0.001437119236504563
9.195,-6.377345790038804e-06
9.225,0.001164829697348799
9.254999999999997,0.002006014997907496
9.285,0.002490131564176724
9.315,0.002625948156519526
9.344999999999999,0.002448589138212042
9.375,0.002010430777817275
9.404999999999999,0.001373575734696116
9.434999999999999,0.0006043575751233444
9.465,-0.0002301853842843197
9.494999999999999,-0.001064214218449711
9.524999999999999,-0.001833838956844375
9.555,-0.00247719765661268
9.584999999999999,-0.002934314129256796
9.614999999999998,-0.003147130436260738
9.645,-0.003060056283175181
9.674999999999999,-0.002621328793149692
9.704999999999998,-0.001785431680063422
9.734999999999999,-0.0005167743479723568
9.764999999999999,0.001205237815474064
9.795,0.003379728337502637
9.824999999999999,0.005976661648570913
9.854999999999999,0.008928473287753702
9.885,0.01212205787778168
9.914999999999999,0.01539282664637209
9.944999999999999,0.01852329159967177
9.975,0.02124922112349879
10.005,0.02327642684995146
10.035,0.02431011663621328
10.065,0.02409598495277704
10.095,0.02246786094606826
10.125,0.01939194964246672
10.155,0.01499480612791674
10.185,0.009563680583757445
10.215,0.003514632236257652
10.245,-0.002666241542833019
10.275,-0.008494350661308476
10.305,-0.01355337791064403
10.335,-0.01754288973685639
10.365,-0.02030003343334751
10.395,-0.02179662580205112
10.425,-0.02211824271980716
10.455,-0.02143355741988995
10.485,-0.01996117397925425
10.515,-0.01793911200610517
10.545,-0.01559995192563494
10.575,-0.0131528485121167
10.605,-0.0107722779826212
10.635,-0.008592544125773543
10.665,-0.006706698966769273
10.695,-0.005168509814220527
10.725,-0.003996276259561
10.755,-0.003177556537091804
10.785,-0.002674141234567923
10.815,-0.002426879431541284
10.845,-0.00236019538727873
10.875,-0.002386319974821013
10.905,-0.00240939574529992
10.935,-0.002329696741077233
10.965,-0.002048230440606796
10.995,-0.001471950307891786
11.025,-0.0005196891200604725
11.055,0.0008712873187899004
11.085,0.002738506873394928
11.115,0.005088050587571852
11.145,0.007889905033574927
11.175,0.01107607904142857
11.205,0.01454241195690953
11.235,0.01815434496081359
11.265,0.02175603082456834
11.295,0.02518141426885257
11.325,0.0282657129542162
11.355,0.03085612265005067
11.385,0.03282119245581038
11.415,0.03405870801805507
11.445,0.03450195465646272
11.475,0.03412412462316365
11.505,0.0329405663690241
11.535,0.03100850044815837
11.565,0.02842372395882189
11.595,0.0253139366360957
11.625,0.02182890262861265
11.655,0.01812854684014325
11.685,0.01437073023932722
11.715,0.01070045485087512
11.745,0.007241706689138496
11.775,0.004092444194777656
11.805,0.001322677969165691
11.835,-0.001024773030509166
11.865,-0.002931470941352066
11.895,-0.004399201861927961
11.925,-0.005445157194211254
11.955,-0.006097039762139346
11.985,-0.006388553026707374
12.015,-0.006355607406784209
12.045,-0.00603346765469616
12.075,-0.005454969647660042
12.105,-0.004649853114487413
12.135,-0.003645186180575574
12.165,-0.002466790721540637
12.195,-0.001141503025940068
12.225,0.0002999883086954138
12.255,0.001820099265248209
12.285,0.003371598835177164
12.315,0.004895752894032611
12.345,0.006322015008278255
12.375,0.007569862784465219
12.405,0.008553201579936913
12.435,0.009187449107755003
12.465,0.00939896008967837
12.495,0.009135826236811112
12.525,0.008378339759894767
12.555,0.007146780579827427
12.585,0.00550411702004575
12.615,0.003552064284683796
12.645,0.001420633342989612
12.675,-0.0007468381780066589
12.705,-0.002810015664374671
12.735,-0.004646106507576341
12.765,-0.006160436337626429
12.795,-0.007292196059670433
12.825,-0.008015539327258446
12.855,-0.0083368047488473
12.885,-0.008288914077079537
12.915,-0.007924121591467768
12.945,-0.007306283637182573
12.975,-0.006503637140275386
13.005,-0.005582754185321131
13.035,-0.004603993559013361
13.065,-0.00361850035008022
13.095,-0.002666633981105831
13.125,-0.001777608212827449
13.155,-0.000970081254903631
13.185,-0.0002534307557406679
13.215,0.000370524067314049
13.245,0.0009055497491895889
13.275,0.001358931430698053
13.305,0.00173943399619488
13.335,0.002055390814230082
13.365,0.002313008980495042
13.395,0.002514985245843515
13.425,0.00265954665881904
13.455,0.002740057192540444
13.485,0.00274535298913899
13.515,0.002660966224109055
13.545,0.002471349276427844
13.575,0.002163092007529253
13.605,0.001728910732927467
13.635,0.001171871379462999
13.665,0.000508944091996746
13.695,-0.0002272757574664251
13.725,-0.0009897764875696441
13.755,-0.001721791640271297
13.785,-0.0023644179263091
13.815,-0.002865596530221299
13.845,-0.003188216271315183
13.875,-0.003315268691212967
13.905,-0.003250933591344801
13.935,-0.003017746067652564
13.965,-0.002651015957128814
13.995,-0.00219208734218947
14.025,-0.001681864114782521
14.055,-0.001155561209691006
14.085,-0.0006391506272453392
14.115,-0.0001475948880599805
14.145,0.000315294629932461
14.175,0.0007557019335805675
14.205,0.001187762975758981
14.235,0.001631036271721998
14.265,0.002107803459530873
14.295,0.002640392980928191
14.325,0.003248606194631481
14.355,0.00394724772817877
14.385,0.004743728369533321
14.415,0.00563571596950966
14.445,0.006608847362849889
14.475,0.007634565359973752
14.505,0.008668191240695558
14.535,0.009647374385546586
14.565,0.01049107810389622
14.595,0.01109927333667437
14.625,0.01135352767915408
14.655,0.01111869636161657
14.685,0.01024593510271196
14.715,0.008577245526320807
14.745,0.005951714427053816
14.775,0.002213510633907658
14.805,-0.002778425739392002
14.835,-0.009139175371178093
14.865,-0.01694529917646049
14.895,-0.02622101291901226
14.925,-0.03692286555696214
14.955,-0.04892247578693638
14.985,-0.06198689195804474
15.015,-0.07575657386374908
15.045,-0.089721867164145
15.075,-0.1031999764597237
15.105,-0.1153155731662851
15.135,-0.1249891090580382
15.165,-0.1309376500192843
15.195,-0.1316937713014175
15.225,-0.1256489533413332
15.255,-0.111128983935439
15.285,-0.0865097413686315
15.315,-0.05038153804780631
15.345,-0.001767460240132063
15.375,0.05960631430043673
15.405,0.1330049701398147
15.435,0.2163848880756553
15.465,0.3061710237930203
15.495,0.3972146056337052
15.525,0.4830446090869848
15.555,0.5564909511611457
15.585,0.6106575117962822
15.615,0.6400747933649736
15.645,0.6417308460449691
15.675,0.6156552290178341
15.705,0.5648609280250829
15.735,0.4946806418283849
15.765,0.4117396215819402
15.795,0.3228820878504786
15.825,0.2343029655644486
15.855,0.1510028088612246
15.885,0.07656236636535273
15.915,0.01316403712271152
15.945,-0.03823175241219746
15.975,-0.07763637547502733
16.005,-0.1057677452942958
16.035,-0.1238058630383361
16.065,-0.1331868604557016
16.095,-0.1354408496459923
16.125,-0.1320716523383327
16.155,-0.1244730092351882
16.185,-0.1138748281532266
16.215,-0.1013133520380495
16.245,-0.08762004466329942
16.275,-0.07342501041693204
16.305,-0.05917164747139848
16.335,-0.04513994445616493
16.365,-0.03147643882321322
16.395,-0.01822942600125635
16.425,-0.005388521707562368
16.45499999999999,0.007072004384494311
16.485,0.01914683939434605
16.515,0.03075181715841319
16.545,0.04167837663635326
16.575,0.05155735688555328
16.605,0.05984353991522081
16.635,0.06583615437437541
16.665,0.0687506839482073
16.695,0.06784953262499183
16.725,0.06262052417361443
16.755,0.05296572644181452
16.785,0.03934030896318928
16.815,0.02277891677246386
16.845,0.004775957132088626
16.875,-0.01296118689197614
16.905,-0.0288159311120637
16.935,-0.04153142510772562
16.965,-0.05037174430685593
16.995,-0.05514950874546058
17.025,-0.05614251960021811
17.055,-0.05394923667975476
17.085,-0.04933347736227084
17.115,-0.04309244410306369
17.145,-0.03596283074781612
17.175,-0.02856562476913014
17.205,-0.02138283369779948
17.235,-0.01475692140052774
17.265,-0.008904149921485208
17.295,-0.003934802261924905
17.325,0.0001245718262736701
17.355,0.003309794626544749
17.385,0.005700023056292948
17.415,0.007401515833717546
17.445,0.008534152350731758
17.475,0.009220418217971135
17.505,0.009576512699419479
17.535,0.009705239542786603
17.565,0.009690358228919352
17.595,0.009592098742828478
17.625,0.009443624724113819
17.655,0.009248430088835394
17.685,0.008979025880072322
17.715,0.008577827511819658
17.745,0.007961801018638808
17.775,0.007032904149961633
17.805,0.005696153472893882
17.835,0.003885593268617329
17.865,0.001595117442083116
17.895,-0.00109344729032991
17.925,-0.003996286250358894
17.955,-0.006838636329927259
17.985,-0.009295697977746434
18.015,-0.01105693700956878
18.045,-0.01189597091469574
18.075,-0.01172322216968154
18.105,-0.01060355715819005
18.135,-0.008734372236259733
18.165,-0.006394329583668896
18.195,-0.003881846119262597
18.225,-0.001462129179744193
18.255,0.0006659127567214241
18.285,0.002380995978325498
18.315,0.003633938670786462
18.345,0.004432648444637096
18.375,0.004824077058627599
18.405,0.004877362212941543
18.435,0.004670261566929938
18.465,0.004279492372701355
18.495,0.00377468561645497
18.525,0.003215210180665821
18.555,0.002649005882184071
18.585,0.002112663653029198
18.615,0.001632183621575145
18.645,0.001224037688796663
18.675,0.0008963181039447826
18.705,0.0006498560290506598
18.735,0.0004792527371404255
18.765,0.0003738027280170974
18.795,0.000318329027528606
18.825,0.0002940156628587222
18.855,0.0002794137676815711
18.885,0.0002518958538624794
18.915,0.0001898870051862311
18.945,7.612666168691141e-05
18.975,-9.809306763140771e-05
19.005,-0.0003283619352492619
19.035,-0.0005936811356344911
19.065,-0.0008560928764037346
19.095,-0.001065257173986981
19.125,-0.00116851858553563
19.155,-0.001124726274377305
19.185,-0.000917753657185
19.215,-0.0005646594317642541
19.245,-0.0001146910078412938
19.275,0.0003613685836772524
19.305,0.0007881612859509024
19.335,0.001103230509677327
19.365,0.001269394816035677
19.395,0.001278929648302673
19.425,0.001149872173253467
19.455,0.0009173301274167916
19.485,0.0006234681844184099
19.515,0.0003090513927627692
19.545,7.928043725742266e-06
19.575,-0.0002554934336032924
19.605,-0.0004664583416395359
19.635,-0.0006186451314660335
19.665,-0.0007122694562925324
19.695,-0.0007520611518635271
19.725,-0.0007454546999206956
19.755,-0.0007011572990970413
19.785,-0.0006281262219839077
19.815,-0.0005349076769588414
19.845,-0.0004292586964535392
19.875,-0.000317974530077076
19.905,-0.0002068573932227094
19.935,-0.0001007745206883877
19.965,-3.75719878823944e-06
19.995,8.091334295340008e-05
20.025,0.0001506974128636172
20.055,0.000203932692026415
20.085,0.0002401600977840394
20.115,0.000260622960311701
20.145,0.000268812946898093
20.175,0.0002708011747241993
20.205,0.0002749984143827865
20.235,0.0002910313690526248
20.265,0.0003276769762984348
20.295,0.0003902362106521749
20.325,0.0004781794228224774
20.355,0.0005840868794456133
20.385,0.0006946260887953332
20.415,0.0007935663229225127
20.445,0.0008659359770442408
20.475,0.0009018407715984391
20.505,0.0008985259283261973
20.535,0.0008599872276709469
20.565,0.0007944559708905062
20.595,0.0007108937657652026
20.625,0.000615881542176758
20.655,0.000511954653253483
20.685,0.0003977865327313128
20.715,0.0002699933464759139
20.745,0.0001259271870517454
20.775,-3.334260564248103e-05
20.805,-0.0002006858455197672
20.835,-0.0003619747748236338
20.865,-0.000497141714748928
20.895,-0.0005834186407850906
20.925,-0.0006003111971793981
20.955,-0.0005351473140102538
20.985,-0.0003875620854462439
21.015,-0.000171345835396067
21.045,8.720503358590751e-05
21.075,0.0003541544436708612
21.105,0.000594633440459215
21.135,0.0007794399148287683
21.165,0.0008897702387295743
21.195,0.0009191261350416639
21.225,0.0008724521866050625
21.255,0.0007633394544080268
21.285,0.0006104316054625396
21.315,0.0004340130824665738
21.345,0.0002533519372320186
21.375,8.49556874849363e-05
21.405,-5.836433083550303e-05
21.435,-0.0001678008032815037
21.465,-0.0002383619543009396
21.495,-0.00026824617951988
21.525,-0.0002578316348920439
21.555,-0.0002084190000342419
21.585,-0.0001210021455671381
21.615,4.565723395646741e-06
21.645,0.000169680502953623
21.675,0.0003762279522182827
21.705,0.0006250821423431316
21.735,0.0009142116079973501
21.765,0.001236825074260864
21.795,0.001579913043148844
21.825,0.001923385298636233
21.855,0.002239884434210592
21.885,0.002495354818306503
21.915,0.002650563208505311
21.945,0.002663912063556065
21.975,0.00249591858055013
22.005,0.002115512048831977
22.035,0.001507751244497385
22.065,0.000681736014822001
22.095,-0.0003233681883691026
22.125,-0.001436719629401675
22.155,-0.002560694704599115
22.185,-0.003582855737217489
22.215,-0.004393284983226028
22.245,-0.004903428825862674
22.275,-0.005061610836165292
22.305,-0.004861149643347506
22.335,-0.004339308431676575
22.365,-0.003568104977047206
22.395,-0.002640136252639235
22.425,-0.001653297728587101
22.455,-0.0006976451751199889
22.485,0.0001537375308719992
22.515,0.0008494242928550262
22.545,0.00136045678151285
22.575,0.001678345956629757
22.605,0.001811431666784326
22.635,0.00178062726624156
22.665,0.001615314762191734
22.695,0.001349850330629587
22.725,0.001020853029366998
22.755,0.0006652324079261099
22.785,0.00031879046129873
22.815,1.520559727659922e-05
22.845,-0.000214759707878171
22.875,-0.0003439332348320739
22.905,-0.000349361089823282
22.935,-0.0002129612873153866
22.965,7.770486425661421e-05
22.995,0.0005284431638885211
23.025,0.001137154902867679
23.055,0.001892313917591688
23.085,0.002771362645918984
23.115,0.0037393495216037
23.145,0.00474825322662499
23.175,0.005737495597777535
23.205,0.006636107564811785
23.235,0.007366869330823824
23.265,0.007852495454698237
23.295,0.008023576437883257
23.325,0.00782752356378837
23.355,0.007237240665016516
23.385,0.006257820157975977
23.415,0.004929494224025934
23.445,0.003325598578916153
23.475,0.00154540991594412
23.505,-0.0002969665347714362
23.535,-0.002085504230462959
23.565,-0.003714552964549474
23.595,-0.005098602396730555
23.625,-0.006178455271602162
23.655,-0.00692360263119327
23.685,-0.007331193311056105
23.715,-0.007422333737148284
23.745,-0.007236623078719889
23.775,-0.006825867075454527
23.805,-0.006247820952306594
23.835,-0.005560607613465368
23.865,-0.00481820663172609
23.895,-0.004067182009564482
23.925,-0.003344644597885239
23.955,-0.002677326348322488
23.985,-0.002081569424128905
24.015,-0.001564001668733392
24.045,-0.00112267957252715
24.075,-0.0007485214661113027
24.105,-0.0004269107951771381
24.135,-0.0001394039432999682
24.165,0.0001344857271183036
24.195,0.0004154449021088487
24.225,0.0007224920539012345
24.255,0.001071155809379187
24.285,0.001471822554404003
24.315,0.001928427775185154
24.345,0.0024377056079123
24.375,0.002989221092059735
24.405,0.003566364089685685
24.435,0.004148353257939398
24.465,0.004713067702804676
24.495,0.005240225564929135
24.525,0.005714169730514924
24.555,0.00612546045532809
24.585,0.006470733286585231
24.615,0.006750828334413921
24.645,0.006967823264588789
24.675,0.00712201949097334
24.705,0.00720994192139552
24.735,0.007224017649457783
24.765,0.007153979656988154
24.795,0.006989459581112161
24.825,0.006722911705162584
24.855,0.00635203779264463
24.885,0.005881181299724141
24.915,0.005321543797101109
24.945,0.00469037563971797
24.975,0.004009444302995584
25.005,0.003303121554379001
25.035,0.002596409035280352
25.065,0.00191316554142461
25.095,0.001274714876677126
25.125,0.0006989164606074327
25.155,0.0001996962184683797
25.185,-0.0002130232199601232
25.215,-0.0005330883329971971
25.245,-0.0007576892663742958
25.275,-0.0008868592880415237
25.305,-0.0009230044513413125
25.335,-0.0008705450992353332
25.365,-0.0007357182826612643
25.395,-0.0005265530070370262
25.425,-0.0002529916219906163
25.455,7.290685250534314e-05
25.485,0.0004367788962669334
25.515,0.0008219050464955884
25.545,0.001209420465432433
25.575,0.001578887667046575
25.605,0.001909267765361658
25.635,0.00218023035358716
25.665,0.002373641191641083
25.695,0.002475004350030895
25.725,0.002474644395900166
25.755,0.002368490233319138
25.785,0.00215842177626348
25.815,0.001852212786738111
25.845,0.001463126517688059
25.875,0.001009209946948898
25.905,0.0005123141356504987
25.935,-3.140793406252726e-06
25.965,-0.0005116302811625272
25.995,-0.0009881631531963567
26.025,-0.001409979756841317
26.055,-0.001758132590068601
26.085,-0.002018736885835493
26.115,-0.002183709352281701
26.145,-0.002250909421568653
26.175,-0.0022237181497985
26.205,-0.002110183825971963
26.235,-0.001921905093308178
26.265,-0.00167282124926838
26.295,-0.001378057222121469
26.325,-0.001052939582500162
26.355,-0.0007122612222247991
26.385,-0.0003698282981148242
26.415,-3.828138703096283e-05
26.445,0.0002708490320516291
26.475,0.000546912562276672
26.505,0.0007798040505361621
26.535,0.0009595961770046128
26.565,0.001076209423580631
26.595,0.001119185338796835
26.625,0.001077626085075803
26.655,0.0009403618965228791
26.685,0.0006964052638154873
26.715,0.0003357408530376651
26.745,-0.0001495220001582046
26.775,-0.0007636437295558822
26.805,-0.001505452060571521
26.835,-0.002366347324012249
26.865,-0.003328262792258502
26.895,-0.004361760483704629
26.925,-0.005424466081720137
26.955,-0.006460054250681669
26.985,-0.00739797503397783
27.015,-0.008154054951316289
27.045,-0.008632027548139862
27.075,-0.008725990605785449
27.105,-0.008323802577289227
27.135,-0.007311544408362781
27.165,-0.005579361606591378
27.195,-0.003029202119370962
27.225,0.0004148963654564313
27.255,0.004793310305492647
27.285,0.0100936734961181
27.315,0.01623015590661614
27.345,0.02302034982736153
27.375,0.03016273055228609
27.405,0.03722022531421668
27.435,0.04361840710954586
27.465,0.04866913626686626
27.495,0.05163007791295837
27.525,0.05180487991915698
27.555,0.04867633988288612
27.585,0.04204747811761818
27.61499999999999,0.03215003088068467
27.645,0.01967676399417526
27.675,0.005710493269508887
27.705,-0.008444009468636512
27.735,-0.02148317493416594
27.765,-0.0323204606923399
27.795,-0.0402379867065489
27.825,-0.04494448925194563
27.855,-0.04654401167192548
27.885,-0.04544414897597482
27.915,-0.04224008070716333
27.945,-0.03760401869584667
27.975,-0.03219719155291239
28.005,-0.02660998908736534
28.035,-0.02132835026571174
28.065,-0.0167208338905079
28.095,-0.01303988773064487
28.125,-0.01043145412169807
28.155,-0.008948336522736989
28.185,-0.008564134682901093
28.215,-0.009185759479269419
28.245,-0.01066350063886697
28.275,-0.01279837969302691
28.305,-0.01534712345188535
28.335,-0.0180255619866956
28.365,-0.02051159648490043
28.395,-0.02244910885524366
28.425,-0.02345432080588283
28.455,-0.02312617537365718
28.485,-0.02106229628078616
28.515,-0.01688191307990973
28.545,-0.01025669912855807
28.575,-0.0009495973542898809
28.605,0.0111397408377302
28.635,0.02592637782845305
28.665,0.04309452456731274
28.695,0.06206409763922174
28.725,0.08198110954509981
28.755,0.1017446522170657
28.785,0.1200808054673421
28.815,0.1356657096295814
28.845,0.1472857024995075
28.875,0.1540055539416738
28.905,0.1553050008374197
28.935,0.1511477418482891
28.965,0.1419669485272556
28.995,0.12857760479345
29.025,0.1120448306190288
29.055,0.09354144009850961
29.085,0.07422038831399705
29.11499999999999,0.05511647400358071
29.14499999999999,0.03708229193206376
29.175,0.02075715580103748
29.205,0.00656378049675947
29.235,-0.005274559534347643
29.265,-0.01470402455890064
29.295,-0.02180402098911314
29.325,-0.02674991634990077
29.355,-0.0297781248805567
29.385,-0.03115564702769682
29.415,-0.03115508277968931
29.445,-0.03003540539339207
29.47499999999999,-0.02802833965937408
29.505,-0.02532995932595831
29.535,-0.02209701804944885
29.565,-0.01844749980212866
29.595,-0.01446488983855771
29.625,-0.0102057084937417
29.655,-0.005709889659960016
29.685,-0.001013575432231072
29.715,0.003836229608540314
29.745,0.008766022269206294
29.775,0.01366063723576788
29.80499999999999,0.01835085601534286
29.835,0.02260710686639879
29.865,0.02614346995035817
29.895,0.02863637575282816
29.925,0.02976093642521503
29.955,0.02924390743022756
29.985,0.02692582665853261
30.015,0.02281776571365763
30.045,0.01713416300188298
30.075,0.01028632375353997
30.105,0.002832236196796908
30.13499999999999,-0.004606715814535513
30.16499999999999,-0.01144001440856855
30.195,-0.01718873719818479
30.225,-0.02153555320225143
30.255,-0.02433901727226923
30.285,-0.02561795093162253
30.315,-0.02551705634522548
30.345,-0.02426496922285378
30.375,-0.02213320936530776
30.405,-0.01940126171144685
30.435,-0.01633031560903619
30.465,-0.01314612950189688
30.49499999999999,-0.01003006460968558
30.525,-0.007116578265385887
30.555,-0.004495302095956864
30.585,-0.002216030654751893
30.615,-0.0002952921826669766
30.645,0.001276463886270306
30.675,0.002527704858001406
30.705,0.003499063473997021
30.735,0.004237199973844174
30.765,0.004789360838102347
30.79499999999999,0.005198644484660609
30.825,0.005499949407167473
30.85499999999999,0.005716589818765791
30.885,0.005857631873686531
30.915,0.0059161418046615
30.945,0.005868743629196024
30.975,0.005677125705375377
31.005,0.005292325060743772
31.035,0.004662590304477178
31.065,0.003745141429712474
31.095,0.002520996801423837
31.125,0.001010261499304502
31.15499999999999,-0.0007165834710444768
31.185,-0.002536689575262807
31.215,-0.004286106891397589
31.245,-0.005784431376439535
31.275,-0.006867813818954197
31.305,-0.007421278976333697
31.335,-0.007400689144178142
31.365,-0.006838139670538064
31.395,-0.005830495706616251
31.425,-0.004516253389500843
31.45499999999999,-0.00304853346022173
31.485,-0.00157124901186307
31.51499999999999,-0.0002025786710580687
31.545,0.0009733113616899258
31.575,0.001907531066752095
31.605,0.002582845326791093
31.635,0.003007307366580175
31.665,0.003206907930036812
31.695,0.003218511475350748
31.725,0.003083850533661609
31.755,0.002844902689939192
31.785,0.00254064716053887
31.81499999999999,0.002205015375885138
31.845,0.001865783398592426
31.87499999999999,0.001544154641854138
31.90499999999999,0.001254813654086279
31.935,0.001006277000185627
31.965,0.0008014149913793984
31.995,0.0006380633766329632
32.025,0.0005096890412381787
32.055,0.0004061237338412214
32.085,0.0003144370525036759
32.11499999999999,0.0002200772411067592
32.145,0.0001084449499061711
32.175,-3.295662104115813e-05
32.20499999999999,-0.0002117826272784515
32.23499999999999,-0.0004277870342165142
32.26499999999999,-0.000670123320150364
32.295,-0.0009160905614685669
32.325,-0.001132539034065937
32.355,-0.001280715981497545
32.385,-0.001324249135785878
32.415,-0.001238537757076256
32.445,-0.001018717440450337
32.47499999999999,-0.0006832941105381871
32.505,-0.0002717835201662605
32.535,0.0001631897311074448
32.56499999999999,0.0005668672906600074
32.59499999999999,0.0008929979261748941
32.62500000000001,0.001111236110190338
32.655,0.001209931009048425
32.685,0.001194659004696488
32.715,0.00108398408801308
32.745,0.0009041892107093366
32.775,0.0006843201610446771
32.805,0.0004522469094185806
32.83499999999999,0.00023191517010552
32.86499999999999,4.16654804013849e-05
32.895,-0.0001065884483823817
32.92499999999999,-0.0002074923676427531
32.95500000000001,-0.0002617880977336937
32.985,-0.000275297332122959
33.015,-0.0002574170197381144
33.045,-0.0002192854267006284
33.075,-0.0001718978512064714
33.105,-0.0001245181993852403
33.135,-8.36877476942546e-05
33.165,-5.297360086258269e-05
33.19499999999999,-3.338508235673913e-05
33.22499999999999,-2.420199834039111e-05
33.255,-2.387177707274973e-05
33.28499999999999,-3.066320474319479e-05
33.315,-4.288678642438894e-05
33.345,-5.86573331811313e-05
