time_ps,trace
2.654999999999999,-9.490223126543763e-07
2.685,-2.269298692894855e-06
2.715,-2.120060742633783e-06
2.744999999999999,2.284391995863782e-06
2.774999999999999,6.128645864992706e-07
2.804999999999999,-2.905676836742438e-06
2.835,1.365491500860991e-06
2.865,1.536511526602062e-06
2.894999999999999,3.146987142801298e-07
2.924999999999999,2.656418234395761e-06
2.955,-2.386676329685779e-06
2.984999999999999,-1.340630779441765e-07
3.015,2.781042892427985e-06
3.044999999999999,3.339077856324025e-08
3.074999999999999,2.325654197730129e-06
3.105,2.617168337619891e-06
3.134999999999999,8.197872483291279e-07
3.165,1.154250849868827e-06
3.194999999999999,1.141330387991672e-06
3.225,1.162721845595423e-07
3.254999999999999,-4.949191642161727e-07
3.284999999999999,1.179082719088195e-06
3.315,-2.531953679064817e-06
3.345,-2.063176015253002e-06
3.375,-8.05318508692609e-07
3.404999999999999,-1.461059594123817e-06
3.435,1.825077757225684e-06
3.464999999999999,4.26331279647146e-07
3.495,2.297859004504309e-07
3.524999999999999,-1.513932575121317e-06
3.554999999999999,-1.991301477789796e-06
3.585,-1.594462862206728e-06
3.614999999999999,-3.373237280044906e-06
3.644999999999999,8.127827679293509e-07
3.674999999999999,-1.519947189493136e-06
3.704999999999999,-5.812389593449737e-07
3.734999999999999,3.463946108929038e-06
3.764999999999999,1.867598336466217e-06
3.795,-2.162685322224206e-06
3.825,2.699794894331234e-06
3.854999999999999,1.503572707930046e-07
3.885,-3.563390115083622e-06
3.915,2.257949725672592e-06
3.944999999999999,-2.545432725672959e-06
3.975,-1.412453403848133e-06
4.004999999999999,2.134539406373826e-06
4.034999999999999,-2.381553933662357e-06
4.065,-2.136299031521815e-06
4.095,-3.76324446573628e-06
4.124999999999999,1.24713938218934e-06
4.154999999999999,-2.777904569876625e-06
4.185,-9.698680189155584e-07
4.214999999999999,2.469295181676661e-06
4.244999999999999,2.511497424968257e-07
4.274999999999999,2.89544237627021e-07
4.304999999999999,-1.778681549279059e-06
4.335,-3.406067961099707e-06
4.364999999999999,-4.239467859187005e-07
4.395,-3.620498191920628e-06
4.425,5.190207772295865e-07
4.454999999999999,4.082659326862508e-06
4.484999999999999,6.242769543880929e-07
4.515,-4.050745894006082e-07
4.544999999999999,2.55673594567931e-08
4.574999999999999,8.016410669373086e-07
4.605,-3.210969824501649e-06
4.635,-3.397622785614917e-06
4.664999999999999,-4.205052739646165e-06
4.694999999999999,-3.556902494125051e-06
4.725,3.803917239830236e-07
4.754999999999999,4.681282565940567e-06
4.784999999999999,1.6029431168154e-06
4.815,-3.384372201823121e-06
4.844999999999999,4.722007156871856e-07
4.874999999999999,-1.343831378878939e-08
4.904999999999999,-1.90933601271117e-08
4.935,-3.224050609009193e-07
4.964999999999999,1.808654826432614e-06
4.994999999999999,-1.71735890388755e-07
5.024999999999999,-1.875857901754361e-06
5.054999999999999,-9.489515414260754e-07
5.084999999999999,-1.393502122066072e-06
5.115,4.675871706800051e-07
5.144999999999999,-4.7297225096003e-06
5.174999999999999,-3.317477082048965e-06
5.205,2.320820034478898e-06
5.234999999999999,-8.781980744457891e-07
5.264999999999999,5.394018517582795e-07
5.295,-1.074041706093328e-06
5.324999999999999,1.493622881476738e-06
5.354999999999999,-7.637301428599971e-07
5.385,-1.006526282042045e-06
5.415,1.669675349634926e-06
5.444999999999999,4.035592986686336e-07
5.474999999999999,1.828576677770962e-06
5.505,-8.019231811606754e-07
5.534999999999999,-3.967465506466176e-06
5.564999999999999,2.946995447585671e-09
5.595,-5.721292613382941e-07
5.624999999999999,-1.478554420392044e-06
5.654999999999998,5.086736392077591e-07
5.685,-2.514269200243812e-06
5.715,6.434834760153402e-07
5.744999999999999,1.612936462108607e-06
5.774999999999999,3.108805912794763e-07
5.805,1.75046263821638e-06
5.834999999999999,8.227630079521084e-07
5.864999999999999,1.41080221363046e-06
5.895,-6.449416754235673e-07
5.925,-2.189419341747404e-06
5.954999999999999,-3.190360802356228e-06
5.984999999999999,2.224253553593809e-06
6.015,1.571460768169945e-06
6.044999999999999,-4.428662069734383e-07
6.074999999999999,-5.524813261799399e-07
6.105,1.209780164966113e-07
6.134999999999999,-9.607183318143236e-07
6.164999999999999,-3.944128282896541e-06
6.194999999999999,-4.695925904993608e-07
6.225,2.282603733427769e-06
6.255,1.560871678262833e-06
6.284999999999999,-2.477978685493619e-06
6.315,2.046563161886821e-06
6.345,3.612829048078511e-06
6.374999999999999,-1.885813857039568e-06
6.404999999999999,-3.977176279263382e-08
6.434999999999999,2.05376309922998e-06
6.465,8.991594554941165e-07
6.494999999999999,-1.209765421736906e-06
6.524999999999999,3.285360502310844e-06
6.555,-2.439835604958729e-06
6.584999999999999,-2.025971469587183e-06
6.614999999999999,7.773601280334965e-07
6.645,-3.277059679618156e-06
6.674999999999999,-8.466304136502627e-07
6.704999999999999,1.189160555573385e-06
6.734999999999999,-2.141557168940697e-06
6.765,-1.597905502348767e-07
6.794999999999999,1.489754372484969e-06
6.824999999999999,-2.333047816928131e-07
6.855,-2.361836549406773e-07
6.884999999999999,8.132333027036608e-07
6.914999999999999,3.812135590271822e-06
6.944999999999999,-6.353691152265802e-07
6.974999999999999,-1.559814880746583e-06
7.004999999999999,-3.46237474642473e-06
7.034999999999999,3.135179068582692e-06
7.065,-1.550761489607167e-06
7.094999999999999,-1.45715167880413e-06
7.125,-3.713923405991885e-06
7.154999999999999,2.662428899092087e-08
7.184999999999999,-1.643566564062549e-06
7.215,-1.219013149402143e-06
7.244999999999999,1.824840461536617e-06
7.274999999999999,-9.837498124031126e-07
7.304999999999999,9.65896306089585e-07
7.335,-5.338926571709247e-06
7.364999999999998,-1.124331577893314e-06
7.394999999999999,5.757478540619355e-07
7.425,5.027284449175481e-07
7.454999999999998,1.244184209155379e-07
7.484999999999999,-2.786709672771785e-06
7.515,-6.7133112462731e-06
7.544999999999998,-1.837585464477872e-06
7.575,8.266989476644979e-07
7.605,3.027518911892903e-06
7.634999999999998,1.962289080194345e-07
7.665,1.068336004086869e-07
7.694999999999999,1.489109590508786e-06
7.725,1.376800729879898e-06
7.755,1.173937902047026e-06
7.784999999999999,3.083022188967431e-08
7.815,7.47036334559708e-08
7.845,1.142731448671661e-06
7.874999999999998,-3.760729663225943e-06
7.904999999999999,2.284747057476397e-06
7.935,3.584211495675914e-06
7.964999999999998,-4.529708118284506e-06
7.994999999999999,2.993377628461904e-06
8.024999999999999,-8.013331865794901e-07
8.054999999999998,-2.327037359866834e-06
8.085000000000001,-3.090595675067119e-06
8.114999999999998,-2.756249207812615e-06
8.144999999999998,2.029867926183713e-06
8.175000000000001,-2.998552612594181e-06
8.204999999999998,7.987671065868445e-07
8.234999999999999,-1.726283776323637e-06
8.265000000000001,-9.743569587154018e-07
8.294999999999998,3.817558643095739e-07
8.324999999999999,3.681748830869933e-06
8.355,4.193078765600804e-06
8.384999999999998,-3.266827536110633e-06
8.414999999999999,2.380742623951985e-06
8.445,3.191103019717693e-06
8.474999999999998,-1.250854038478775e-06
8.504999999999999,-7.778728364450302e-07
8.535,-1.998302143531566e-06
8.564999999999998,-9.482009978830155e-07
8.594999999999999,-1.081795529733233e-06
8.625,-7.693587806985834e-07
8.654999999999998,2.152309071565273e-06
8.685,-1.317341050136728e-06
8.715,3.204363349753204e-06
8.744999999999997,-3.767593424975832e-07
8.775,2.956998721302846e-07
8.805,-4.572339695306385e-07
8.834999999999999,-1.205631400661138e-06
8.865,9.926975505954172e-07
8.895,-8.428563280497327e-07
8.924999999999999,-2.220310856250289e-06
8.955,-1.612273295142387e-06
8.984999999999999,-2.784576969274907e-06
9.014999999999999,-3.490024496066724e-07
9.045,1.802637655638761e-07
9.074999999999998,-1.6438481927495e-06
9.104999999999999,-6.692782513091633e-08
9.135,-1.356409484013638e-06
9.164999999999997,-1.790825476834885e-06
9.195,4.464907976046217e-07
9.225,7.962041262679284e-07
9.254999999999997,8.861823450807306e-07
9.285,5.287181841853728e-07
9.315,1.021411638988876e-06
9.344999999999999,-3.88870507902735e-06
9.375,-1.483980671889221e-06
9.404999999999999,3.009670496913631e-07
9.434999999999999,-3.10198903923553e-06
9.465,4.154471329420833e-07
9.494999999999999,-1.428191312088717e-06
9.524999999999999,-8.016117591868547e-07
9.555,3.170599911313157e-06
9.584999999999999,-2.641664621588075e-06
9.614999999999998,-4.75197204866367e-07
9.645,1.461891452020619e-06
9.674999999999999,1.60797438108649e-06
9.704999999999998,2.709780379556376e-06
9.734999999999999,-2.257828300509645e-06
9.764999999999999,-1.320312417816411e-06
9.795,-7.664017321272996e-07
9.824999999999999,-6.9309780887164e-07
9.854999999999999,-6.504628818886776e-07
9.885,9.655483981102497e-07
9.914999999999999,-8.757461089879681e-07
9.944999999999999,1.594866944763101e-06
9.975,9.577837128960098e-08
10.005,3.759144970721939e-07
10.035,-1.864137669640303e-06
10.065,3.861772838613386e-06
10.095,-3.447120128573927e-06
10.125,2.943542965844204e-06
10.155,-1.017814065751299e-06
10.185,-6.745934337058085e-07
10.215,-2.901616548269936e-06
10.245,1.285982720623802e-06
10.275,1.934496498576938e-06
10.305,-3.244681204408323e-06
10.335,2.790040377342873e-07
10.365,3.590402241425428e-06
10.395,2.227509989405352e-06
10.425,-2.159543134337694e-06
10.455,-2.319295424626361e-06
10.485,2.104808086364485e-07
10.515,-7.32255256982034e-07
10.545,-1.675593728794889e-06
10.575,3.316886480586589e-06
10.605,-6.797036766065245e-08
10.635,5.134493825942332e-07
10.665,4.759482369887102e-07
10.695,1.821535559718909e-06
10.725,7.58690512383392e-07
10.755,-1.536134158390025e-06
10.785,-1.440154030110403e-06
10.815,2.179788348498184e-07
10.845,1.664980201775395e-06
10.875,-2.260194204808073e-06
10.905,7.358292887604638e-07
10.935,5.726169759953659e-07
10.965,1.637456059042173e-06
10.995,1.874627864682354e-06
11.025,3.832496417589815e-06
11.055,1.125850598709889e-06
11.085,-3.60035302705234e-07
11.115,-2.300237205453415e-06
11.145,-2.824141299439392e-06
11.175,-2.918111362784637e-06
11.205,2.400948341165637e-07
11.235,9.094291802576315e-07
11.265,-4.643308509494348e-07
11.295,-6.857250287282957e-07
11.325,5.223270128675017e-07
11.355,1.980014650782708e-06
11.385,3.701363500634158e-06
11.415,-1.9997444982503e-06
11.445,-8.788713363322431e-07
11.475,-1.756937899922983e-06
11.505,2.835284832469753e-06
11.535,-1.913606889173552e-06
11.565,2.908798072367991e-06
11.595,1.848371743388283e-06
11.625,1.137384358189386e-06
11.655,4.469654328841111e-07
11.685,-2.35736315794266e-06
11.715,-3.925725506545574e-07
11.745,-3.365282480903217e-07
11.775,1.427099595819464e-06
11.805,7.981861345446144e-07
11.835,-2.234320388677007e-06
11.865,-8.910997824477553e-07
11.895,1.184283028988695e-06
11.925,-2.664268321185027e-06
11.955,1.291560604209374e-06
11.985,6.85819985029798e-08
12.015,-1.402947367890039e-06
12.045,-3.922053446094725e-07
12.075,-3.067650661880104e-06
12.105,-1.129195290126839e-06
12.135,-1.526596312524057e-06
12.165,1.125231211356742e-06
12.195,7.267170101465069e-07
12.225,-8.443870414150383e-08
12.255,4.009614269274465e-08
12.285,2.209707517600041e-06
12.315,2.73232739042735e-06
12.345,1.058263709515991e-06
12.375,1.308137036764093e-06
12.405,3.479814697435191e-07
12.435,-1.089708744196269e-06
12.465,2.757125860536336e-06
12.495,2.824253304278823e-06
12.525,1.030769264864437e-06
12.555,5.440557425103257e-07
12.585,7.727286140436773e-07
12.615,-1.481593068907577e-07
12.645,-2.463548911103928e-07
12.675,2.177022626917826e-06
12.705,-2.1074281698172e-06
12.735,2.597497511257034e-06
12.765,1.051737244788832e-06
12.795,1.61555002337662e-06
12.825,1.748966456192186e-07
12.855,-2.622547713696313e-06
12.885,6.051777940198344e-07
12.915,2.308470384491251e-06
12.945,-1.136282302430236e-06
12.975,-1.083368390308523e-06
13.005,6.153708542531999e-06
13.035,-4.405530608427716e-07
13.065,-3.585399867564801e-07
13.095,1.725174298034069e-06
13.125,-4.271669352120741e-07
13.155,-1.103736741314243e-06
13.185,-2.101256305208081e-06
13.215,-1.849385148542998e-06
13.245,3.736820714799567e-06
13.275,-1.019937612932714e-06
13.305,2.483666145519994e-06
13.335,1.296617797693234e-06
13.365,-4.151944348567641e-06
13.395,2.031906094688424e-06
13.425,1.159664120535617e-06
13.455,-1.738843819887488e-06
13.485,-2.743337513012693e-06
13.515,-3.288979121562636e-06
13.545,-1.316267290404991e-06
13.575,9.773619666021867e-07
13.605,1.927194829071588e-06
13.635,-1.376981545043576e-07
13.665,-9.184850965839216e-08
13.695,-1.782790669147292e-06
13.725,-1.635028502497936e-06
13.755,2.492222524739509e-06
13.785,-2.183611266822101e-06
13.815,4.611292828892929e-07
13.845,-1.195995174415373e-06
13.875,-2.16749937866122e-06
13.905,-7.020450392180091e-07
13.935,-3.197263621633126e-06
13.965,1.398357180498831e-06
13.995,-1.379361177309985e-06
14.025,4.658791372513359e-07
14.055,-2.501964826558947e-06
14.085,4.037875733108455e-06
14.115,4.945018243382568e-06
14.145,6.511974471783491e-07
14.175,-7.776050678540928e-07
14.205,8.479711795269899e-07
14.235,-2.589000952010713e-06
14.265,2.204002873065075e-06
14.295,-4.151851723047106e-07
14.325,2.768041075896805e-06
14.355,3.437084107882349e-07
14.385,-1.826447271112419e-06
14.415,6.440681579638133e-07
14.445,2.553395007022508e-06
14.475,2.066385334823298e-06
14.505,-3.397997190568436e-06
14.535,2.960476284527211e-06
14.565,1.272600847130809e-06
14.595,9.094523796011195e-07
14.625,-1.838705891888878e-06
14.655,-4.81466449261253e-08
14.685,3.751463124927051e-06
14.715,3.39883798137347e-08
14.745,1.766532399998487e-06
14.775,1.394501408018452e-06
14.805,-1.071506738233897e-06
14.835,-1.738592552702478e-07
14.865,-2.534870868070582e-08
14.895,2.377094481666869e-06
14.925,-6.239472966143578e-07
14.955,7.646743971842507e-07
14.985,-8.882195305648377e-08
15.015,8.067179571719096e-07
15.045,-1.761701798330684e-07
15.075,-3.053624870880123e-06
15.105,2.410806483887917e-06
15.135,-3.219224137651633e-06
15.165,-2.538623437881027e-06
15.195,1.553941288645611e-06
15.225,-1.149914498038695e-06
15.255,1.855484118740147e-06
15.285,8.688907895543219e-07
15.315,1.912580836475886e-06
15.345,-3.030539453708486e-07
15.375,5.098175745385514e-07
15.405,2.733810824384619e-06
15.435,2.22370692776197e-07
15.465,3.154999808074876e-07
15.495,1.540967345559086e-06
15.525,4.842188609688325e-06
15.555,-6.598584779693439e-06
15.585,-5.888052991842585e-07
15.615,-1.961531512773007e-07
15.645,-1.956830409821642e-06
15.675,-1.546375654304377e-06
15.705,1.071299360888567e-06
15.735,1.521418312999678e-06
15.765,3.287053122691397e-06
15.795,1.712856909863447e-06
15.825,1.935284255988323e-06
15.855,3.510766771464002e-07
15.885,-2.191023955086524e-06
15.915,-2.880742285847615e-06
15.945,-8.344903586476882e-07
15.975,5.194599759644758e-07
16.005,1.661889508966508e-06
16.035,7.508965340907725e-07
16.065,-8.658421927765225e-07
16.095,1.792238424447312e-06
16.125,-1.76088177697431e-06
16.155,1.763713833785596e-06
16.185,1.31949362676409e-06
16.215,-1.951559928936586e-07
16.245,-3.084205479064739e-07
16.275,-2.2939295169222e-06
16.305,-9.450764160076619e-07
16.335,2.05252645209264e-06
16.365,6.387732219698128e-07
16.395,2.075549178102987e-06
16.425,8.369686736913254e-07
16.45499999999999,-5.471881957715141e-07
16.485,2.732798009517923e-06
16.515,-3.581074251624711e-06
16.545,-2.773385055686306e-06
16.575,2.564776813984704e-07
16.605,1.706026196895971e-06
16.635,-3.438162050395377e-06
16.665,7.168155777004248e-07
16.695,4.44887112011072e-08
16.725,-4.302490361998701e-06
16.755,-3.152136601812516e-06
16.785,-2.570504054402734e-07
16.815,-9.181453347675839e-07
16.845,-3.05436910368051e-07
16.875,-5.664922801684735e-08
16.905,1.794380954867753e-06
16.935,2.882056084313467e-06
16.965,-4.907930316530584e-07
16.995,-2.351180906350059e-06
17.025,7.918241951565541e-07
17.055,1.830154308588017e-06
17.085,2.961357509906337e-07
17.115,2.428991070405062e-06
17.145,1.469799006184602e-07
17.175,1.622810181321072e-06
17.205,5.129877928347626e-07
17.235,-1.009047704147656e-06
17.265,1.165803418969394e-06
17.295,-1.426163744581814e-06
17.325,1.951613315513158e-06
17.355,8.502492921530491e-09
17.385,2.503794130463699e-06
17.415,-3.102179900112655e-06
17.445,1.285115031085526e-06
17.475,-8.366291171773427e-07
17.505,2.082045061286772e-06
17.535,3.75371349129773e-06
17.565,1.332648155353763e-06
17.595,-1.867590386584253e-06
17.625,-1.907837506448518e-06
17.655,1.437871950230735e-06
17.685,-1.318100406011782e-06
17.715,4.338077215424591e-06
17.745,-2.015952812337019e-06
17.775,-8.344632917017814e-07
17.805,-2.079986546859279e-06
17.835,6.62043893669877e-06
17.865,4.342886738284207e-06
17.895,-1.232409233632541e-06
17.925,7.332149785281919e-07
17.955,1.598477657733036e-06
17.985,2.07684523363498e-06
18.015,-3.442602775852871e-07
18.045,1.465107113863759e-06
18.075,9.966611346293175e-07
18.105,-3.873735482610302e-07
18.135,2.341722313262476e-06
18.165,-1.544237967490356e-06
18.195,9.808990357640553e-07
18.225,3.126483687691676e-06
18.255,1.973548665537431e-07
18.285,2.547609935045492e-06
18.315,2.057368693037659e-06
18.345,9.989353010313867e-08
18.375,2.350172913466453e-06
18.405,1.110083327430372e-08
18.435,2.874976165250995e-07
18.465,4.099499242111657e-07
18.495,-1.664273308208276e-06
18.525,2.180554983186207e-06
18.555,2.01517342056888e-06
18.585,6.270584884723179e-07
18.615,-4.148815170473049e-07
18.645,1.257426386277148e-06
18.675,1.935973249940709e-06
18.705,-2.124167727304968e-06
18.735,5.651787147684128e-07
18.765,-1.577050681748676e-06
18.795,3.468691195682736e-06
18.825,1.402814077686512e-07
18.855,2.307873068675735e-06
18.885,1.337108728125913e-06
18.915,6.916931276547834e-07
18.945,-1.166972668715952e-06
18.975,6.530528419392343e-07
19.005,2.369978718609633e-07
19.035,-8.378106365577228e-07
19.065,2.315726541131532e-06
19.095,2.506743921444187e-06
19.125,1.700756877527762e-06
19.155,1.444632331346974e-06
19.185,-7.34694125134063e-07
19.215,-2.877323633267734e-06
19.245,-1.933880399907555e-06
19.275,-2.522782480066229e-07
19.305,1.193841503874097e-06
19.335,1.700948899661849e-06
19.365,1.831065590668628e-07
19.395,2.404660777051903e-06
19.425,1.929469443893604e-06
19.455,1.283052495215458e-06
19.485,-7.275642688334355e-07
19.515,-1.788145928471906e-06
19.545,-3.034668803953271e-06
19.575,3.176338436602065e-06
19.605,-6.818632680448194e-07
19.635,-3.549204316645026e-06
19.665,-4.555841490026151e-07
19.695,6.372081818301198e-07
19.725,2.258144712484825e-06
19.755,2.250547943125959e-06
19.785,2.566174839089348e-06
19.815,3.250231523923186e-06
19.845,1.762066196563355e-06
19.875,2.979305067388627e-06
19.905,-2.982548252908438e-06
19.935,-1.141082532329612e-06
19.965,5.501788692894675e-06
19.995,-1.179457815419699e-06
20.025,7.912882051154394e-07
20.055,-1.828785021889016e-07
20.085,3.386360929264772e-06
20.115,1.846191970785089e-07
20.145,-5.987857531098589e-07
20.175,4.456375877541453e-07
20.205,9.858202451378754e-08
20.235,-1.91484902889406e-06
20.265,1.240646787848223e-06
20.295,1.60961164368613e-06
20.325,-8.401663862991058e-07
20.355,1.746829536499557e-06
20.385,-1.65669594047132e-06
20.415,1.757281257885163e-06
20.445,8.413154596768413e-07
20.475,-2.504531214006446e-06
20.505,1.95891246201679e-06
20.535,-9.170836085874113e-07
20.565,1.747468864590675e-07
20.595,-1.717989787915404e-06
20.625,2.226989590623993e-06
20.655,-2.289887464893068e-06
20.685,-5.833337860055264e-07
20.715,1.181021662028455e-06
20.745,-2.447731018887336e-06
20.775,-3.661369200826084e-07
20.805,-1.726303251750334e-06
20.835,-1.122809961271766e-06
20.865,3.394921914527996e-06
20.895,2.495212445754059e-07
20.925,-2.264889095112072e-06
20.955,-3.358363765641054e-08
20.985,-6.605539814472333e-07
21.015,-6.974615961138951e-07
21.045,-3.929888958388044e-06
21.075,-2.195225237939711e-06
21.105,-6.570962076811893e-08
21.135,5.243469088501811e-09
21.165,5.057294824988576e-07
21.195,3.871077869767401e-08
21.225,-5.411601676578656e-06
21.255,7.381888584683796e-07
21.285,-1.271585652798998e-06
21.315,-1.975325094170639e-06
21.345,1.228376864062237e-06
21.375,-1.509957779730636e-06
21.405,1.365524990453228e-06
21.435,6.600667443705933e-07
21.465,1.279214017416337e-06
21.495,-3.53234115036522e-06
21.525,-3.434583791510218e-07
21.555,1.895913662453848e-06
21.585,8.223299957129385e-07
21.615,1.495555459714878e-06
21.645,1.223189756555993e-06
21.675,6.930719818012314e-07
21.705,-3.287017454958524e-06
21.735,1.251529836412773e-06
21.765,-2.433939564069594e-06
21.795,2.657247857641622e-06
21.825,2.586693014049093e-06
21.855,1.385667197937972e-06
21.885,-1.374218773449176e-06
21.915,-9.09376311958917e-07
21.945,-9.906966402404779e-08
21.975,-1.837893192686239e-06
22.005,-1.88804281453861e-09
22.035,-1.046590671382889e-06
22.065,1.88208402465348e-07
22.095,2.567134086825442e-06
22.125,2.509672480185835e-06
22.155,-1.887316000270985e-06
22.185,-1.449425054779723e-06
22.215,3.301906752826295e-07
22.245,-2.76628668198671e-07
22.275,6.124778738954978e-08
22.305,4.31115683538659e-06
22.335,-1.999196369096255e-06
22.365,1.105833562118578e-06
22.395,-4.4336603493224e-06
22.425,1.013848646389285e-06
22.455,-2.978557400285485e-07
22.485,4.330589401509784e-06
22.515,-6.05480285855017e-07
22.545,-1.391399400741972e-07
22.575,2.997168665097973e-06
22.605,-2.908140143642168e-06
22.635,2.904677167166062e-06
22.665,-1.236420820220629e-06
22.695,-1.781197869464698e-06
22.725,-1.165210889729311e-06
22.755,4.122236374586204e-06
22.785,-1.928377540531064e-06
22.815,-1.505270564133184e-06
22.845,1.889994761431493e-06
22.875,1.792003042400613e-06
22.905,-9.055333098553081e-08
22.935,-3.484224652067019e-07
22.965,3.473708071148886e-06
22.995,2.176968449150085e-06
23.025,-2.297809154707927e-06
23.055,2.689438317598309e-06
23.085,-5.25647727984014e-07
23.115,-4.57032802766294e-08
23.145,8.583639647622571e-07
23.175,1.89479992969855e-06
23.205,4.006313687457061e-07
23.235,1.834059606841201e-06
23.265,1.095198174077411e-07
23.295,1.563651036862873e-07
23.325,8.055559967534015e-07
23.355,-2.052609034116325e-06
23.385,-5.856323458536261e-07
23.415,-2.192911932640332e-07
23.445,-4.357673114106092e-08
23.475,9.946366029539837e-07
23.505,2.495654337433503e-06
23.535,8.840780230316529e-07
23.565,2.879164224638565e-06
23.595,5.694982026613338e-06
23.625,-3.077923961567613e-06
23.655,-2.477365842670255e-06
23.685,4.369087465774801e-08
23.715,4.199319318225377e-06
23.745,1.26123182253926e-06
23.775,-1.201793747095982e-06
23.805,1.022113367959814e-06
23.835,9.020037746209145e-07
23.865,3.91223059882824e-07
23.895,1.914194231230487e-06
23.925,1.412802521421827e-07
23.955,-3.926150217827343e-08
23.985,1.041177603636895e-06
24.015,3.452387325631346e-07
24.045,2.518155998090278e-06
24.075,-6.183524318050665e-07
24.105,2.429879628985563e-06
24.135,-4.9259620124229e-06
24.165,2.348259863522301e-07
24.195,5.589805476634681e-08
24.225,-4.504936933275657e-06
24.255,-6.807228371662893e-07
24.285,-1.533595383074616e-07
24.315,-1.577376269293503e-08
24.345,5.485175773364132e-07
24.375,-6.736056058875665e-07
24.405,-3.98399288890558e-07
24.435,-7.921116167725756e-07
24.465,2.024883372177266e-06
24.495,4.053398350934226e-07
24.525,-1.20647644464688e-06
24.555,2.70273902352406e-06
24.585,5.723667963544732e-07
24.615,-4.396360432480997e-07
24.645,-4.01476785385959e-06
24.675,-2.969317099655797e-07
24.705,3.831005460732707e-06
24.735,1.920909913893237e-07
24.765,2.034847754215502e-06
24.795,2.409359184168611e-06
24.825,3.596550260500167e-07
24.855,-2.451292488072493e-07
24.885,-2.378838003143369e-06
24.915,3.048279433410725e-07
24.945,-1.086577827599106e-06
24.975,-3.02140344588149e-06
25.005,-2.763226874468675e-06
25.035,-3.534860293651337e-06
25.065,1.318261592152606e-07
25.095,-1.680370282572613e-06
25.125,1.479733387390399e-06
25.155,-3.946575805476791e-06
25.185,-2.313777447805803e-06
25.215,-5.123274572851107e-06
25.245,-2.590582429996824e-08
25.275,-1.691374415119088e-06
25.305,-1.289411683135953e-06
25.335,-7.364646667671823e-07
25.365,1.930107810202528e-06
25.395,-5.128982450287433e-07
25.425,2.231654595273602e-06
25.455,-3.754607853438826e-06
25.485,-1.594136816505227e-07
25.515,-7.353047593310243e-08
25.545,8.288024261242713e-07
25.575,5.538690151937146e-07
25.605,1.47714615873892e-07
25.635,-4.667980985439014e-06
25.665,1.992157922636479e-06
25.695,-1.15754781857989e-06
25.725,-5.993050700684247e-06
25.755,-7.062632933012812e-07
25.785,-2.010591270887058e-06
25.815,-1.28557499685651e-06
25.845,1.25564791694289e-06
25.875,1.814541608659986e-06
25.905,5.028382759817134e-08
25.935,1.25434660530895e-06
25.965,-3.455180202833422e-06
25.995,9.133382630971756e-08
26.025,-2.501831868023489e-07
26.055,6.670014305837184e-07
26.085,8.491800815042111e-09
26.115,-8.284424125688458e-07
26.145,-9.540941206111035e-07
26.175,1.438517405341969e-07
26.205,-2.243202623297344e-07
26.235,-1.386064691233412e-06
26.265,-9.910132455213157e-07
26.295,-1.03547042349262e-06
26.325,1.035350219776715e-06
26.355,1.801498450712297e-06
26.385,9.427235143030809e-07
26.415,-1.039039217941253e-06
26.445,-2.946791929597076e-07
26.475,-1.623197097865665e-06
26.505,1.25865238163902e-07
26.535,1.13417122874816e-06
26.565,1.353271537393643e-06
26.595,2.053279644413219e-06
26.625,1.514488926651104e-08
26.655,3.295188068767321e-06
26.685,-1.359067092910802e-06
26.715,-3.002783996917892e-06
26.745,-2.595960913538692e-06
26.775,-3.540699898677978e-06
26.805,2.334743202570986e-06
26.835,2.200975252482883e-06
26.865,-3.269970255307276e-06
26.895,2.973989226564243e-06
26.925,1.758168390221179e-06
26.955,-8.128025021751639e-07
26.985,2.518995903991184e-06
27.015,2.523392630689181e-06
27.045,2.484313284152606e-07
27.075,-1.128960676013979e-06
27.105,7.96986732798724e-07
27.135,8.182795762949266e-07
27.165,1.031805596195083e-06
27.195,8.746363985398693e-07
27.225,1.765013559872444e-06
27.255,7.51891988939532e-08
27.285,1.495849481695719e-06
27.315,-3.353591211337908e-06
27.345,1.83110981193807e-07
27.375,-4.589229035019404e-06
27.405,-1.087054805899712e-06
27.435,1.67536980196642e-06
27.465,6.270724139251227e-08
27.495,-3.616400853626023e-06
27.525,-3.581110455952441e-07
27.555,-1.436874675332656e-06
27.585,-2.429036697094988e-06
27.61499999999999,-1.718907678097126e-06
27.645,9.440636840676864e-07
27.675,-1.844591991320525e-06
27.705,1.536583025587776e-06
27.735,3.89767789923251e-06
27.765,7.644645649632076e-07
27.795,7.899941516231745e-08
27.825,-2.202033061449171e-06
27.855,-2.443745765683125e-06
27.885,1.136355746257645e-06
27.915,-2.005845954430874e-06
27.945,1.135138057654916e-06
27.975,-1.719746483601348e-06
28.005,8.345084809291414e-07
28.035,6.91603780009209e-08
28.065,-1.431326742858119e-06
28.095,-1.487394121198887e-06
28.125,6.504413683026261e-07
28.155,1.02795604733398e-06
28.185,-1.840474749893392e-06
28.215,-1.566716855902484e-06
28.245,-5.275573350961224e-06
28.275,-1.077434649816508e-06
28.305,-5.006711995721169e-07
28.335,-3.695113921196869e-07
28.365,2.677712302983498e-06
28.395,3.41473671461659e-06
28.425,3.644386439030645e-06
28.455,4.904393309836108e-07
28.485,3.73895409123276e-07
28.515,2.057664973950657e-06
28.545,-2.588454975027688e-06
28.575,-1.058628501545583e-06
28.605,-2.844533071732699e-06
28.635,8.61640386384116e-07
28.665,5.319960933863888e-07
28.695,1.177376666140761e-06
28.725,-2.597359413214484e-06
28.755,-1.705729698209257e-06
28.785,-2.063978655555965e-06
28.815,-7.50498523216514e-07
28.845,-1.196123383534475e-06
28.875,-2.19286070632374e-06
28.905,3.257119438049294e-08
28.935,1.811231603643382e-06
28.965,-2.850298073620028e-06
28.995,2.851127404723819e-07
29.025,-3.228231669344384e-07
29.055,1.515339081159528e-07
29.085,-2.16967566403492e-06
29.11499999999999,1.211818050475544e-06
29.14499999999999,9.619822947046219e-07
29.175,-4.716962468863384e-06
29.205,2.760714554076588e-06
29.235,-4.580396367340547e-07
29.265,-5.221390513052149e-06
29.295,-3.076543360722162e-06
29.325,-2.864888568890334e-06
29.355,5.758239757895633e-07
29.385,-1.297480055544725e-06
29.415,4.958901364086887e-07
29.445,8.525170855748498e-07
29.47499999999999,-1.678157874294983e-06
29.505,2.99108272223611e-06
29.535,5.426398699825974e-08
29.565,3.09780626377501e-06
29.595,-1.030788566851529e-06
29.625,-1.706069588328779e-06
29.655,-3.935472969553329e-06
29.685,7.976389727569477e-07
29.715,2.992836540933151e-06
29.745,-9.786569224352892e-07
29.775,6.665802746060046e-08
29.80499999999999,-3.816951590372708e-06
29.835,-1.397836346818393e-06
29.865,6.066313110002219e-07
29.895,-2.265351279825967e-08
29.925,1.278428460961545e-06
29.955,-9.98178681616696e-07
29.985,2.371643124464418e-06
30.015,4.250117809252718e-07
30.045,-1.490614978116866e-07
30.075,-2.588062761576734e-06
30.105,-1.504775064779112e-07
30.13499999999999,-2.417807917891659e-06
30.16499999999999,4.37847243587447e-06
30.195,-3.956382886329685e-06
30.225,-1.012108503218451e-06
30.255,-2.563575714282368e-06
30.285,4.416506167333883e-06
30.315,-1.152548752107047e-06
30.345,1.001952356253361e-06
30.375,1.315234734931142e-06
30.405,6.435621674044656e-07
30.435,2.560979387611351e-06
30.465,2.25849727942054e-07
30.49499999999999,-3.850804450450385e-07
30.525,2.410931181614021e-07
30.555,6.055613997971859e-07
30.585,-1.261576688102884e-06
30.615,3.167217726717777e-06
30.645,-2.25273578781794e-06
30.675,1.189707756247237e-07
30.705,1.506277400854968e-06
30.735,-1.609896482810368e-06
30.765,2.696185468437431e-06
30.79499999999999,1.910982846686782e-07
30.825,9.634782880503165e-07
30.85499999999999,1.807271189351728e-06
30.885,3.901203226045966e-07
30.915,3.687382967517555e-06
30.945,4.171650190640773e-06
30.975,4.312388915239662e-06
31.005,-9.955017468490923e-07
31.035,-2.25160831212462e-09
31.065,1.406619381337255e-06
31.095,4.101712793343291e-06
31.125,6.697265833015709e-07
31.15499999999999,-2.74827200551892e-06
31.185,5.289971812555676e-06
31.215,-5.488039006712464e-07
31.245,-1.503473668924317e-06
31.275,1.700108575403321e-06
31.305,-2.13609201182418e-06
31.335,-1.827320749456761e-06
31.365,1.44036716549778e-06
31.395,-5.277975274088631e-07
31.425,4.0065611613899e-06
31.45499999999999,-4.800861548228275e-06
31.485,-3.069163993568366e-06
31.51499999999999,-5.388085937236761e-07
31.545,-2.981444464640972e-06
31.575,7.05555464736423e-07
31.605,2.320659603564142e-06
31.635,1.413445204056802e-06
31.665,1.553808712599983e-06
31.695,1.768845479395344e-06
31.725,-1.994331838385717e-06
31.755,-3.350065919424487e-07
31.785,3.455006302984474e-06
31.81499999999999,-1.107213304768571e-06
31.845,-4.388536984469612e-07
31.87499999999999,-5.922522567001175e-07
31.90499999999999,-7.994734895922645e-07
31.935,2.912926396810055e-06
31.965,9.496392338940963e-07
31.995,1.022658643664719e-06
32.025,4.409618903494024e-06
32.055,-2.686822990081907e-08
32.085,-9.656569595511738e-07
32.11499999999999,1.258400707580473e-06
32.145,2.368548943321668e-07
32.175,-7.79752951507005e-07
32.20499999999999,-4.816445919630962e-07
32.23499999999999,-2.26747399880464e-07
32.26499999999999,-5.327108466610542e-06
32.295,-3.912817970339586e-06
32.325,9.959082860511344e-07
32.355,2.802731772926208e-06
32.385,1.661116095915674e-06
32.415,1.110740360278639e-08
32.445,-1.217111168623324e-06
32.47499999999999,-4.388380603845016e-07
32.505,-6.01819515093241e-07
32.535,-3.990743425985317e-07
32.56499999999999,1.345553979443409e-06
32.59499999999999,-1.386824465199484e-06
32.62500000000001,6.618076787397523e-07
32.655,-5.944313862518355e-07
32.685,2.705793797216525e-06
32.715,-4.843529112540492e-06
32.745,-1.855527064957368e-06
32.775,-3.730618450979955e-06
32.805,1.700740639502135e-06
32.83499999999999,6.962344673143331e-07
32.86499999999999,3.535369170948178e-07
32.895,-4.660188116088353e-06
32.92499999999999,-1.428197133091495e-06
32.95500000000001,-2.385452348845649e-06
32.985,-3.681113031145595e-07
33.015,-1.005018454746027e-06
33.045,1.147747527537762e-06
33.075,9.668535708661462e-08
33.105,-1.842208179637185e-06
33.135,-5.756552404380543e-06
33.165,2.123480184930663e-06
33.19499999999999,-2.548502341214114e-06
33.22499999999999,7.282763515195426e-07
33.255,-3.330397681573426e-07
33.28499999999999,-2.095671941447222e-06
33.315,-1.287667827581182e-06
33.345,-9.600293094978737e-07
