time_ps,trace
2.654999999999999,-1.007904126877884e-06
2.685,4.106749680233722e-07
2.715,-7.202828371333323e-07
2.744999999999999,-4.190681168035225e-07
2.774999999999999,3.311952907269567e-07
2.804999999999999,8.258938583964592e-07
2.835,5.438382035590633e-08
2.865,8.107901866770103e-07
2.894999999999999,-5.197982596624046e-07
2.924999999999999,2.305519618029132e-07
2.955,1.134479619142219e-06
2.984999999999999,3.545681727815456e-07
3.015,3.480658917481708e-07
3.044999999999999,-6.446549955712927e-07
3.074999999999999,-7.196310461020285e-07
3.105,8.069869259290071e-07
3.134999999999999,-1.921987006559597e-08
3.165,-7.34000971139466e-07
3.194999999999999,-1.839570971027193e-06
3.225,-3.077587746759666e-07
3.254999999999999,1.40910984624187e-06
3.284999999999999,-2.633652491377267e-06
3.315,6.000998119451819e-07
3.345,5.965222285815109e-07
3.375,-4.943981822997127e-07
3.404999999999999,-2.22366447510166e-09
3.435,1.041516970692619e-06
3.464999999999999,2.214187045954899e-06
3.495,-1.052549157143346e-06
3.524999999999999,-1.301903104501982e-06
3.554999999999999,-5.457292568940373e-08
3.585,-1.066997941135414e-08
3.614999999999999,-6.408910404740375e-07
3.644999999999999,-5.841588031989232e-07
3.674999999999999,-1.739875476667024e-07
3.704999999999999,-2.592618458421674e-07
3.734999999999999,7.923111755583044e-07
3.764999999999999,5.168836786884306e-07
3.795,6.549906274360903e-07
3.825,1.570031802941032e-06
3.854999999999999,-5.51857948103405e-07
3.885,2.950399683911554e-07
3.915,9.692067598791529e-10
3.944999999999999,5.458388256801561e-07
3.975,-2.675045908308456e-07
4.004999999999999,1.551545023412387e-06
4.034999999999999,-1.122214395235283e-06
4.065,-1.467254857495898e-06
4.095,1.240557755490565e-07
4.124999999999999,-5.915135826489921e-07
4.154999999999999,-1.633063089167587e-06
4.185,2.240201879642051e-06
4.214999999999999,1.405976712251012e-07
4.244999999999999,-1.580832965409696e-06
4.274999999999999,6.63714791756143e-07
4.304999999999999,9.037415082468548e-07
4.335,-6.373222636649732e-07
4.364999999999999,6.586360601684087e-07
4.395,2.360905025506873e-07
4.425,9.026466392560292e-07
4.454999999999999,9.262948359459655e-07
4.484999999999999,1.919126775086651e-06
4.515,2.846791650383085e-07
4.544999999999999,-9.658623303374146e-07
4.574999999999999,2.543897950122278e-07
4.605,-5.259269571987967e-07
4.635,-1.481891123922003e-06
4.664999999999999,-8.355342222889387e-08
4.694999999999999,4.93627744221686e-08
4.725,-1.238741460300198e-06
4.754999999999999,2.667295383586114e-07
4.784999999999999,-1.003957279931611e-06
4.815,8.231175348152701e-08
4.844999999999999,2.107176243839074e-07
4.874999999999999,-5.898352926939033e-07
4.904999999999999,-9.003631961605058e-07
4.935,-4.022791110959304e-07
4.964999999999999,-8.120175474386998e-07
4.994999999999999,-4.263465311410614e-07
5.024999999999999,-1.069538109593207e-06
5.054999999999999,-5.55244599206731e-07
5.084999999999999,-8.607951307109361e-08
5.115,6.311092306898291e-07
5.144999999999999,2.888942110819523e-07
5.174999999999999,1.11391821168514e-10
5.205,2.72631251378914e-07
5.234999999999999,1.076517379161894e-08
5.264999999999999,-3.157546033298272e-07
5.295,2.009313645434901e-07
5.324999999999999,-2.819601171011451e-07
5.354999999999999,8.956887045930267e-08
5.385,-3.500789552107319e-07
5.415,-8.227402989170437e-08
5.444999999999999,6.883389032700214e-07
5.474999999999999,-6.548822053484846e-08
5.505,-8.25869344354079e-07
5.534999999999999,7.510666169143572e-07
5.564999999999999,6.617496721650568e-08
5.595,4.924672271490005e-07
5.624999999999999,7.264327429584846e-07
5.654999999999998,1.538784736122368e-07
5.685,7.60789861518191e-07
5.715,-1.26072055116642e-06
5.744999999999999,-2.053549249972451e-09
5.774999999999999,1.183970911587109e-06
5.805,-6.097471436965142e-07
5.834999999999999,2.949025743564752e-07
5.864999999999999,7.965208184684954e-07
5.895,7.699257357000845e-07
5.925,-8.198736000521547e-07
5.954999999999999,1.186868097317201e-06
5.984999999999999,8.590809081927158e-07
6.015,1.517256398348875e-06
6.044999999999999,-3.975456368458894e-07
6.074999999999999,7.530684677977133e-07
6.105,2.047108078481416e-07
6.134999999999999,6.664182478462654e-08
6.164999999999999,3.225101839237818e-07
6.194999999999999,-6.628759973920984e-07
6.225,-1.541112142680698e-06
6.255,1.652830431994644e-06
6.284999999999999,1.504239251964314e-06
6.315,-1.667175626549771e-07
6.345,-1.270723063524033e-06
6.374999999999999,-5.694583571500466e-07
6.404999999999999,-1.982220631769564e-07
6.434999999999999,-3.8596552496726e-07
6.465,7.921956783080316e-07
6.494999999999999,-2.134063598508719e-07
6.524999999999999,5.893050672662117e-08
6.555,9.78354207254947e-07
6.584999999999999,1.372510957639887e-06
6.614999999999999,4.958617766481852e-07
6.645,1.274621036566033e-07
6.674999999999999,6.050996087423005e-07
6.704999999999999,6.369258434988571e-07
6.734999999999999,9.341109201900402e-07
6.765,-9.240001907494006e-07
6.794999999999999,-6.035981459383321e-07
6.824999999999999,-1.370417494432575e-06
6.855,-3.656943176994182e-07
6.884999999999999,2.957762360044931e-07
6.914999999999999,-1.305109643772253e-06
6.944999999999999,-3.82004673582753e-07
6.974999999999999,1.08412250722121e-06
7.004999999999999,-2.579920403711095e-08
7.034999999999999,8.149330735312231e-07
7.065,8.573924681873389e-07
7.094999999999999,7.176582807167883e-07
7.125,1.15757984922414e-06
7.154999999999999,-2.721932392609643e-07
7.184999999999999,3.385780909712067e-07
7.215,1.176539802782582e-06
7.244999999999999,-4.972361438279269e-07
7.274999999999999,-4.726176327475768e-07
7.304999999999999,7.153805264554613e-07
7.335,1.158972006604943e-07
7.364999999999998,3.039407911139852e-07
7.394999999999999,1.408823657883567e-06
7.425,-5.537432808111126e-07
7.454999999999998,-1.935705308579255e-07
7.484999999999999,-1.958447369935717e-07
7.515,7.908094902801227e-07
7.544999999999998,1.785316328777826e-06
7.575,4.101364617896267e-07
7.605,8.24617107299632e-07
7.634999999999998,1.027645258414099e-06
7.665,-5.035279979835562e-07
7.694999999999999,-1.303058727390163e-06
7.725,1.866445320239125e-06
7.755,-1.968506779317057e-06
7.784999999999999,-2.253225057876652e-07
7.815,-4.935661174405338e-07
7.845,9.582831521533219e-08
7.874999999999998,8.567863034108711e-07
7.904999999999999,-7.271613985506201e-07
7.935,-6.163602347293573e-07
7.964999999999998,8.522163461354218e-07
7.994999999999999,2.155597403795048e-07
8.024999999999999,-5.993884253357312e-07
8.054999999999998,1.608537436460084e-07
8.085000000000001,-6.51196232833752e-07
8.114999999999998,-6.538014848331275e-07
8.144999999999998,4.995726105155862e-07
8.175000000000001,7.74127285753704e-07
8.204999999999998,-2.415764126320347e-07
8.234999999999999,-1.630755124570372e-06
8.265000000000001,-1.135967429394605e-06
8.294999999999998,-4.93819111447788e-07
8.324999999999999,-7.540365697250584e-07
8.355,-2.054935772724531e-07
8.384999999999998,1.752700806479518e-06
8.414999999999999,-3.586497240790076e-07
8.445,-3.345233995227792e-07
8.474999999999998,3.569370922440473e-08
8.504999999999999,-4.341253121015187e-07
8.535,4.525506917402167e-07
8.564999999999998,5.902098352619789e-07
8.594999999999999,1.005430262247808e-06
8.625,4.899340915603956e-08
8.654999999999998,1.593491305226791e-07
8.685,-5.646500335354521e-08
8.715,-1.641067184920963e-08
8.744999999999997,-5.606729505149011e-08
8.775,4.287949715922612e-07
8.805,-2.774163715274502e-07
8.834999999999999,6.616636366030271e-07
8.865,1.227953244642421e-07
8.895,4.96436978414394e-07
8.924999999999999,6.439011289161023e-07
8.955,3.356264801634978e-07
8.984999999999999,2.743254973180953e-08
9.014999999999999,4.76397389315153e-07
9.045,2.982629678238702e-07
9.074999999999998,-1.189430423514937e-06
9.104999999999999,8.695198920882774e-07
9.135,9.428666620792114e-07
9.164999999999997,-1.846481126888122e-07
9.195,1.17456015107098e-06
9.225,8.080559737999593e-07
9.254999999999997,3.75183736550655e-07
9.285,-4.458978201393737e-07
9.315,4.763397305762584e-08
9.344999999999999,1.659815471871662e-08
9.375,-2.378532498077679e-07
9.404999999999999,9.777102769233104e-07
9.434999999999999,4.317950517696012e-07
9.465,8.908398677377749e-07
9.494999999999999,-5.550025671124947e-07
9.524999999999999,1.064801091257839e-07
9.555,9.387687781720055e-07
9.584999999999999,-5.075562611173146e-08
9.614999999999998,-3.660990152698496e-07
9.645,2.353575648261774e-08
9.674999999999999,-2.896401044283348e-07
9.704999999999998,-1.321264223974605e-06
9.734999999999999,-6.109058156289482e-07
9.764999999999999,7.104933505558408e-07
9.795,-8.058275249717139e-07
9.824999999999999,1.390039494619799e-06
9.854999999999999,-4.255836809907709e-07
9.885,8.600858240337406e-07
9.914999999999999,-1.98883373603298e-07
9.944999999999999,-5.072881505419069e-07
9.975,-8.332000657890193e-07
10.005,3.167266024173276e-07
10.035,6.319774532859146e-08
10.065,1.795065447118827e-07
10.095,-1.138248087284577e-06
10.125,-4.386041983356348e-07
10.155,2.320890669232911e-07
10.185,-5.604690501842535e-07
10.215,6.708190433690753e-09
10.245,2.152608544192525e-08
10.275,9.68417640967445e-07
10.305,-9.710431008169707e-07
10.335,1.183534991205937e-06
10.365,-9.105809180565139e-07
10.395,1.289040893422133e-06
10.425,-9.662356816736439e-07
10.455,-1.16882415222147e-06
10.485,1.165492390167722e-06
10.515,6.624704199792442e-07
10.545,-8.240112125829091e-07
10.575,4.041232595300426e-07
10.605,1.49258921537665e-06
10.635,-9.028658432691516e-07
10.665,3.326983906981607e-07
10.695,-1.281788799524508e-06
10.725,-8.553942190334118e-08
10.755,-6.101696453202077e-07
10.785,8.44578880318525e-07
10.815,2.598947428066045e-07
10.845,1.00543975006806e-07
10.875,2.336265534773341e-06
10.905,1.038199715572286e-06
10.935,8.365581657850119e-07
10.965,-1.087525223670421e-06
10.995,1.298165362324799e-07
11.025,-8.084946120359357e-07
11.055,2.061690194067947e-06
11.085,-4.356244917725488e-07
11.115,-3.868687527886806e-07
11.145,-9.993194304742676e-07
11.175,-1.17657733308095e-06
11.205,2.005141865654009e-08
11.235,-9.9166367340843e-08
11.265,-1.028234717497314e-06
11.295,-1.735214111864627e-06
11.325,8.238328174665216e-07
11.355,-4.636233407392942e-07
11.385,9.592850711889062e-07
11.415,3.627677088932635e-08
11.445,2.159687556239215e-07
11.475,9.413172945785947e-07
11.505,8.335868502389737e-07
11.535,8.907201212125793e-07
11.565,9.261535982626329e-07
11.595,3.343095582274136e-07
11.625,-2.64042756848229e-07
11.655,-5.496442599811635e-07
11.685,6.471536378015869e-07
11.715,1.52063018751987e-06
11.745,-7.861677390162691e-08
11.775,-5.456176178017524e-07
11.805,1.03358924018887e-06
11.835,-1.168627696383762e-07
11.865,3.358997790262053e-07
11.895,7.576359131317156e-07
11.925,1.244610178176286e-06
11.955,4.532679411875518e-07
11.985,-6.163160438110715e-07
12.015,5.07530496485567e-07
12.045,3.806743304919646e-07
12.075,-8.392850723475467e-07
12.105,-1.49492646832252e-06
12.135,-8.322481110734428e-07
12.165,2.929711010232067e-07
12.195,1.078912839288376e-06
12.225,-5.999786462478063e-07
12.255,1.0764033649786e-07
12.285,8.091692249388022e-07
12.315,9.476138856604616e-07
12.345,-1.173374501290585e-06
12.375,1.154188140856745e-06
12.405,4.850951698120737e-07
12.435,-4.643480227065067e-07
12.465,-1.031827798600145e-06
12.495,3.796255928711304e-07
12.525,-6.158493748758057e-07
12.555,1.670247402158279e-06
12.585,7.538158606035066e-07
12.615,9.268183957704748e-07
12.645,-1.355317154135179e-07
12.675,4.439797779377461e-07
12.705,-9.120220179591187e-08
12.735,-8.904451892161394e-07
12.765,2.35790982752726e-07
12.795,4.64929904393438e-07
12.825,-5.786621858185417e-07
12.855,5.597333745848213e-07
12.885,-4.508697587510616e-07
12.915,8.01466923767806e-07
12.945,7.496879642267945e-07
12.975,-7.095310520432649e-07
13.005,-5.390197280073436e-07
13.035,6.436051102421195e-07
13.065,-1.439851649227483e-06
13.095,-1.324726961893924e-06
13.125,-9.695569931087236e-07
13.155,2.186530295385236e-06
13.185,1.973351220789163e-06
13.215,-7.939099587878085e-07
13.245,6.477177662868316e-07
13.275,5.457636157290419e-07
13.305,7.725058673562629e-08
13.335,-2.387387438262424e-06
13.365,8.562202255084361e-07
13.395,4.248736485109109e-07
13.425,-1.793278502516121e-08
13.455,-3.92987821766326e-07
13.485,-6.069614758895739e-07
13.515,-7.168553232145963e-07
13.545,-1.887827146161355e-07
13.575,1.49460060434696e-07
13.605,8.619449142219585e-07
13.635,2.687844545016735e-07
13.665,5.671521337352256e-07
13.695,-6.264598147974476e-07
13.725,-5.954925085269527e-07
13.755,-7.051625328510433e-07
13.785,-2.634710442395508e-07
13.815,1.176107786957613e-06
13.845,1.220049020578089e-06
13.875,1.127062888801444e-06
13.905,4.543223800675122e-07
13.935,2.922730024854624e-07
13.965,-3.80073957991986e-08
13.995,1.355082911171177e-06
14.025,-7.270061909967797e-07
14.055,-2.447201218145484e-09
14.085,-1.21114089244494e-06
14.115,1.636579359850631e-06
14.145,-4.060930887854822e-07
14.175,-1.2602755101003e-06
14.205,-2.081025274815358e-07
14.235,1.578725410341947e-07
14.265,-7.182611533086431e-07
14.295,8.738127188366498e-07
14.325,-1.225903061329589e-06
14.355,-2.724487691916754e-07
14.385,1.056150223177794e-06
14.415,-1.679419476430786e-06
14.445,2.004750018795988e-06
14.475,-1.528479508640466e-07
14.505,5.894245645443868e-07
14.535,1.882229940128061e-06
14.565,-3.91391497164416e-07
14.595,-1.818136888758902e-06
14.625,5.160958454134132e-07
14.655,-7.852464691199615e-07
14.685,-4.222385300158113e-07
14.715,5.954939583611833e-07
14.745,-2.856580368011978e-08
14.775,-1.239183835367928e-07
14.805,-1.157467854075145e-07
14.835,1.531888380345669e-06
14.865,1.449706944321976e-06
14.895,1.743910620801217e-06
14.925,8.146572853003206e-07
14.955,6.418076182459435e-08
14.985,-1.076113602413095e-06
15.015,7.99932185190479e-07
15.045,1.158951255387413e-06
15.075,-4.47586262940637e-07
15.105,-7.228895439714529e-07
15.135,5.850723471239466e-07
15.165,-1.507766253037893e-06
15.195,-6.507940446794439e-07
15.225,-3.512731911519892e-07
15.255,1.679741516843677e-07
15.285,-3.247571914105976e-07
15.315,3.324145708845892e-08
15.345,-6.649967331062538e-07
15.375,-6.439430380326874e-07
15.405,-2.283142624744539e-07
15.435,-1.32650989138742e-06
15.465,-4.459179760829112e-07
15.495,-6.363848892082177e-08
15.525,-7.708764794335e-07
15.555,4.625587456737624e-07
15.585,3.76926601079134e-07
15.615,1.584024400794757e-06
15.645,-2.054718245859954e-07
15.675,1.659237614422271e-07
15.705,-8.792498774326182e-07
15.735,1.465977019600179e-06
15.765,-1.176720004697224e-06
15.795,1.032944841864673e-06
15.825,4.552367130258167e-07
15.855,-5.805132861306378e-08
15.885,-4.400355406997125e-07
15.915,-1.26448264402626e-07
15.945,1.23759229528602e-06
15.975,-1.828090175717313e-07
16.005,-3.140050979012245e-07
16.035,-2.904416264229437e-07
16.065,-8.628062625215017e-07
16.095,-6.99551126020527e-07
16.125,-3.589552345210391e-07
16.155,-1.543240580768532e-07
16.185,1.761084558586125e-07
16.215,1.850947539019758e-07
16.245,-2.952684064680411e-07
16.275,-4.623657743159024e-07
16.305,-2.786468708388355e-07
16.335,-1.746351632669549e-07
16.365,4.920180583191033e-07
16.395,5.91655060348719e-07
16.425,-3.109665285554349e-07
16.45499999999999,1.273219801317324e-07
16.485,-2.491117902800669e-07
16.515,-1.998636698254466e-06
16.545,1.25586570200913e-06
16.575,1.38764046716958e-07
16.605,1.314078958095143e-06
16.635,3.159145874093595e-07
16.665,1.294496089914799e-06
16.695,7.277246827806436e-07
16.725,-8.030632022036285e-07
16.755,5.678075378301537e-07
16.785,-6.910725623744413e-07
16.815,1.842709846761829e-07
16.845,2.227119144154657e-07
16.875,-7.765228623661091e-07
16.905,-4.558184811781323e-08
16.935,5.16805288865857e-07
16.965,4.392098266648055e-07
16.995,1.566706952864892e-07
17.025,1.251897142871567e-07
17.055,-1.157454309771988e-06
17.085,5.649371478987694e-07
17.115,1.257486770146494e-06
17.145,-6.244199806176246e-07
17.175,-5.892424227173752e-07
17.205,9.311608873919727e-07
17.235,-3.718230806083224e-07
17.265,-5.910216141023078e-07
17.295,-1.481688671385768e-06
17.325,5.240063990293205e-08
17.355,-9.28421987054541e-09
17.385,-8.859065326540135e-07
17.415,-9.176550299068529e-07
17.445,2.345400381394223e-07
17.475,-7.802496661364275e-07
17.505,-5.834131885256756e-08
17.535,-1.279233639293323e-06
17.565,-3.23729330038193e-07
17.595,-2.351164893684039e-07
17.625,-6.53863390890231e-08
17.655,4.540783802946518e-07
17.685,9.429676698681499e-08
17.715,2.066022475994377e-07
17.745,-2.120459317031661e-06
17.775,1.89135333402736e-06
17.805,-9.303637912808516e-07
17.835,5.363456383480035e-07
17.865,8.981407246882404e-07
17.895,1.526741701826217e-06
17.925,3.197695255801204e-07
17.955,-3.052756783147349e-07
17.985,1.308665763649283e-06
18.015,4.73338904317987e-07
18.045,2.958306633632718e-06
18.075,5.475791987862022e-07
18.105,1.578729332605937e-06
18.135,-9.879829714009268e-07
18.165,2.898657839485452e-07
18.195,-1.67252009810508e-07
18.225,-5.183703659630747e-07
18.255,-9.149528871078404e-07
18.285,5.377213522931093e-08
18.315,1.51666390666382e-06
18.345,-8.421043450508592e-07
18.375,4.359560932052763e-07
18.405,1.142386727185848e-08
18.435,-5.694040235693348e-07
18.465,-1.051680299135561e-06
18.495,5.079570433383102e-07
18.525,-1.696783069533078e-07
18.555,-1.481029249228698e-07
18.585,-1.091330638200352e-07
18.615,-1.285665799388887e-06
18.645,7.526942086139021e-07
18.675,-1.014033036271338e-06
18.705,1.054437372301469e-07
18.735,1.894952650240492e-06
18.765,6.822065526639748e-08
18.795,-4.072653394416193e-07
18.825,6.660052592321469e-09
18.855,-1.64576314535354e-07
18.885,-9.451249551705853e-07
18.915,-2.284405939074856e-06
18.945,-1.466965764326464e-06
18.975,5.328507307910714e-07
19.005,-9.195594068906517e-07
19.035,1.249653410969036e-06
19.065,4.33735116185793e-07
19.095,4.701262930385548e-07
19.125,4.067426205959807e-07
19.155,-2.20611683994054e-06
19.185,-2.341161089904759e-07
19.215,-6.326778577547126e-07
19.245,-7.802190312797969e-07
19.275,4.74588636377362e-07
19.305,-2.162220685288617e-07
19.335,1.17118633716131e-07
19.365,-9.495552560372014e-07
19.395,2.756489900928877e-07
19.425,-8.62954978007608e-08
19.455,1.665091197335794e-06
19.485,-8.16198002099363e-08
19.515,3.469246004413756e-07
19.545,3.023206949855257e-07
19.575,-5.575790488240688e-07
19.605,3.676079181472777e-07
19.635,-2.043139987965414e-07
19.665,7.652855067439082e-07
19.695,5.85651390891959e-07
19.725,1.152522580478597e-06
19.755,5.832644014167401e-08
19.785,-2.292250361297325e-07
19.815,-1.030601616005449e-06
19.845,6.942628498248903e-07
19.875,-1.08286604267151e-06
19.905,-1.021645051377034e-06
19.935,9.042946613633737e-07
19.965,1.734781721665028e-06
19.995,-4.526688272257686e-07
20.025,3.175674165955926e-07
20.055,-1.670358406860454e-06
20.085,4.314897263752934e-07
20.115,-9.145606407038633e-07
20.145,4.16450795646733e-07
20.175,3.115702747074657e-07
20.205,-6.116085740513668e-07
20.235,1.016341370076905e-06
20.265,1.210521882276296e-06
20.295,-6.776201819117195e-07
20.325,-5.943868692696126e-07
20.355,3.564893004668647e-07
20.385,-1.33365308858783e-06
20.415,-1.400384962563271e-06
20.445,5.416464802402788e-07
20.475,2.012789484813048e-08
20.505,5.899451593066726e-07
20.535,1.134686267321799e-06
20.565,1.166844768413244e-06
20.595,3.40637302481228e-07
20.625,7.37988505592705e-07
20.655,1.404793907844727e-06
20.685,-4.210864323970619e-07
20.715,7.645967300407008e-07
20.745,1.701394088696141e-07
20.775,-7.539247116872521e-08
20.805,-1.142816875416793e-06
20.835,4.162836440354959e-07
20.865,7.677781992078067e-08
20.895,-9.196191804296348e-08
20.925,-1.568699350897474e-07
20.955,7.511786830591326e-07
20.985,3.295372507696728e-07
21.015,-2.12055983555789e-06
21.045,9.816180071475691e-07
21.075,-1.315366291163521e-06
21.105,-7.634603260238057e-07
21.135,2.17504998568192e-08
21.165,-1.518054456012665e-07
21.195,-1.830002168917797e-07
21.225,1.540636391924905e-06
21.255,-5.411783562395611e-07
21.285,2.018542657074556e-07
21.315,-1.060867607738034e-06
21.345,-3.816450240269565e-07
21.375,-4.60761234957318e-07
21.405,4.512907864628879e-07
21.435,-1.07096475328609e-06
21.465,-1.448872176361979e-06
21.495,-7.048316904950365e-07
21.525,-3.969923483709576e-07
21.555,-1.23999158311845e-07
21.585,7.884165448161567e-07
21.615,6.485302054743715e-07
21.645,-3.768223512086791e-10
21.675,5.016341467710926e-07
21.705,-1.571569519706042e-07
21.735,6.95688288746628e-07
21.765,-4.324888100578315e-07
21.795,-5.208225982946584e-07
21.825,-3.282236145735412e-07
21.855,1.345862958267597e-06
21.885,9.17006013781722e-07
21.915,-9.111953621988899e-07
21.945,6.010097573959849e-07
21.975,-9.714724171918472e-07
22.005,-7.096081754133466e-07
22.035,1.68712409919934e-06
22.065,-5.225700682962584e-07
22.095,6.912429287069194e-07
22.125,5.025942600583606e-07
22.155,1.375763828010681e-07
22.185,-2.894339188851949e-07
22.215,-7.90510796069583e-07
22.245,9.068737783790321e-07
22.275,8.828031618999524e-07
22.305,3.490655479423651e-07
22.335,-2.396259796540396e-07
22.365,-1.251627041671697e-06
22.395,-5.94070646372678e-08
22.425,1.495732310849885e-06
22.455,9.096920051950095e-07
22.485,-2.452786294937807e-07
22.515,1.372213882052178e-06
22.545,9.760964966706517e-07
22.575,2.823372524624968e-07
22.605,-1.052385519649925e-06
22.635,-7.757358767932626e-08
22.665,6.847229489408743e-07
22.695,2.475185627831837e-06
22.725,-2.193458699100564e-07
22.755,5.737862517098125e-07
22.785,2.070283934887387e-07
22.815,-2.02094792146662e-06
22.845,-3.341292319576552e-07
22.875,-1.111304567985886e-07
22.905,-2.250280235218034e-06
22.935,5.092642791614801e-07
22.965,6.365112622103413e-07
22.995,-1.048904442108034e-06
23.025,-5.813038718066642e-07
23.055,5.278731054276413e-07
23.085,1.448461742604144e-06
23.115,-1.634209572685735e-07
23.145,3.980013882053926e-07
23.175,3.473409126299827e-07
23.205,6.041916127347627e-08
23.235,-5.971482182371302e-07
23.265,2.49219482645292e-07
23.295,8.189779827218018e-07
23.325,-6.638552172569603e-07
23.355,-3.935306519541352e-07
23.385,5.859080046469439e-07
23.415,-4.639171612553887e-08
23.445,1.87227471097097e-07
23.475,-1.121757030162168e-06
23.505,6.205938770672105e-07
23.535,-3.065437679606112e-08
23.565,6.372550968439857e-07
23.595,2.704523871419843e-07
23.625,5.410327335394647e-07
23.655,4.941589681582703e-07
23.685,5.081948873800809e-07
23.715,-6.209059671461424e-07
23.745,-3.907383938573034e-07
23.775,5.900177994645588e-07
23.805,-6.931669990955028e-07
23.835,-2.141060369298961e-07
23.865,7.375821708095016e-07
23.895,1.732280358780519e-06
23.925,2.108960824632761e-06
23.955,2.583167985670308e-07
23.985,-1.050645032961667e-06
24.015,5.416864293439827e-07
24.045,9.090435896521795e-08
24.075,8.46316206103712e-07
24.105,9.93141587716617e-07
24.135,4.438988635364818e-07
24.165,-1.140633261614322e-07
24.195,6.043848019014666e-07
24.225,-4.315580423050296e-07
24.255,1.159766352873664e-07
24.285,1.117685457789131e-06
24.315,6.354637423331864e-07
24.345,9.073998047590386e-07
24.375,-9.477423466820126e-08
24.405,5.44540757145117e-07
24.435,-1.30731610045536e-06
24.465,5.496463755533666e-07
24.495,-1.537416366039434e-06
24.525,-1.822867665328268e-06
24.555,8.602585436605359e-07
24.585,-2.244152317323021e-07
24.615,4.4100517261874e-07
24.645,1.343025874197103e-06
24.675,8.86618589668927e-07
24.705,-4.800564310648674e-07
24.735,-8.308924771146219e-07
24.765,-6.636488357443862e-07
24.795,1.349266764013105e-06
24.825,-5.619924218708619e-07
24.855,-7.827685659595254e-07
24.885,-5.229896860806799e-07
24.915,1.509863465245717e-06
24.945,-4.750321007281066e-07
24.975,6.036801485235013e-07
25.005,3.343341880407934e-08
25.035,6.272165958328552e-07
25.065,-2.792663858497413e-08
25.095,5.85331031643932e-07
25.125,-7.998675419923496e-08
25.155,8.696019450013526e-07
25.185,1.342774185661422e-07
25.215,3.028858793843736e-07
25.245,-4.547483876439495e-07
25.275,-2.666245712806131e-07
25.305,9.60495403295146e-07
25.335,-1.582561416496597e-06
25.365,-2.731278214360144e-07
25.395,1.781298696677813e-06
25.425,-4.629838393985231e-07
25.455,6.623006941763876e-07
25.485,1.680390339861559e-07
25.515,-5.79525538495218e-07
25.545,6.057620464544611e-07
25.575,2.313142455807882e-07
25.605,-1.05184443536209e-06
25.635,3.213153635141242e-07
25.665,-2.682274394087691e-07
25.695,-8.336395470529001e-07
25.725,1.437586778438305e-07
25.755,-9.787545971612355e-07
25.785,6.239371495714297e-07
25.815,1.110379583758869e-06
25.845,-2.049944525933656e-08
25.875,7.662321383494763e-07
25.905,-4.254349326021645e-07
25.935,5.07544097104462e-07
25.965,8.901815842250055e-07
25.995,1.870796707754193e-06
26.025,1.908136582013178e-07
26.055,-2.822164583575482e-06
26.085,-4.67317852158311e-08
26.115,2.870514977833249e-07
26.145,-8.223048032253433e-07
26.175,-2.923925998613019e-07
26.205,-6.978863981987882e-07
26.235,-2.151325551105754e-07
26.265,-3.048673498512455e-07
26.295,-5.736189803498548e-07
26.325,-7.146927760402766e-07
26.355,6.239024331264331e-07
26.385,-1.359545671198586e-07
26.415,4.366267446521965e-07
26.445,2.938212815672275e-08
26.475,-8.505378886795542e-07
26.505,-7.331160957971955e-07
26.535,3.177872645934721e-08
26.565,2.100683864480341e-07
26.595,-6.972944536082215e-07
26.625,3.542645492758678e-08
26.655,-7.285638223535756e-07
26.685,1.258011830589101e-06
26.715,-1.441377221952922e-07
26.745,9.892815843060704e-07
26.775,-3.789612165842893e-07
26.805,4.652683104674343e-07
26.835,-1.312731483637392e-07
26.865,-4.63216934323829e-08
26.895,1.717665795326895e-07
26.925,2.098386824101253e-07
26.955,3.964145899779635e-07
26.985,2.106250750179284e-06
27.015,-5.519388769706368e-07
27.045,4.109690448271877e-07
27.075,-1.329927695470356e-07
27.105,-6.938523889020443e-07
27.135,-3.978310827591064e-07
27.165,1.026393245974304e-06
27.195,-2.484815251665301e-06
27.225,-8.680321647754063e-07
27.255,-7.657482322936254e-07
27.285,-1.144336021370249e-06
27.315,3.825275249284138e-07
27.345,7.593109361062056e-07
27.375,1.547642387103761e-06
27.405,-2.005098557857424e-07
27.435,1.554659384265036e-06
27.465,-1.441002809862181e-06
27.495,-1.658607996037932e-07
27.525,7.433692932904898e-07
27.555,-9.092880265456488e-07
27.585,6.999983117187206e-07
27.61499999999999,7.081301625663609e-07
27.645,1.430201038730224e-07
27.675,1.25973093366644e-07
27.705,-1.630154588344807e-06
27.735,3.288645229321523e-07
27.765,8.969437832479638e-07
27.795,8.396917933967477e-07
27.825,-4.74750101763996e-07
27.855,-1.601778654052206e-06
27.885,2.781876515763927e-07
27.915,4.698540703920034e-07
27.945,-5.419554236787104e-07
27.975,1.617414840493318e-07
28.005,1.345844241006783e-06
28.035,3.286072945804693e-07
28.065,-2.30272025768816e-07
28.095,7.659179241058765e-07
28.125,8.491777882765374e-07
28.155,-2.514852623312349e-07
28.185,1.371093899982961e-06
28.215,5.40452465023827e-07
28.245,5.890660416027054e-07
28.275,6.933024655726228e-07
28.305,1.445233354529802e-07
28.335,1.287218778366506e-08
28.365,1.88015577381323e-07
28.395,9.196325316518893e-07
28.425,-1.164940622393456e-07
28.455,9.610978078298214e-07
28.485,6.018438026373849e-07
28.515,1.293574910056494e-06
28.545,1.236033641330552e-07
28.575,8.052584990177539e-08
28.605,-5.243425671257185e-08
28.635,-1.047483295881944e-06
28.665,-3.889453348030966e-07
28.695,1.292734744085628e-06
28.725,-3.856291777763841e-07
28.755,-1.163419918576245e-06
28.785,3.722203314544727e-07
28.815,9.74411172272819e-08
28.845,4.322195379042118e-07
28.875,8.849834200949647e-07
28.905,-5.122743783939586e-07
28.935,3.609484577982245e-07
28.965,-9.090261744092122e-07
28.995,-7.32422752715246e-07
29.025,5.53495228675701e-09
29.055,1.195582956358809e-07
29.085,1.198247286263079e-06
29.11499999999999,-9.393933850370957e-07
29.14499999999999,5.389459879024468e-07
29.175,-7.83805977422683e-08
29.205,8.441086742582392e-08
29.235,-5.485570353400094e-08
29.265,-6.658075490217745e-07
29.295,5.36308520996385e-08
29.325,-1.527492174961296e-07
29.355,4.986357098013495e-07
29.385,1.025227828154438e-07
29.415,5.356327770980206e-08
29.445,-2.012471544022572e-07
29.47499999999999,-2.202277188627632e-07
29.505,1.170937030042402e-06
29.535,9.775076146851906e-09
29.565,1.027720553892176e-07
29.595,-1.645077627436423e-07
29.625,4.376062224733667e-07
29.655,4.368346169968053e-07
29.685,1.140468219375549e-06
29.715,1.465914387769576e-06
29.745,-3.288040837625327e-07
29.775,7.569212969771614e-07
29.80499999999999,-1.028880351252974e-06
29.835,1.190717653274352e-07
29.865,1.412952269112203e-07
29.895,7.981957571370508e-07
29.925,5.700414134127141e-08
29.955,8.291112669089233e-07
29.985,-5.594450842101757e-08
30.015,-8.751416507267462e-07
30.045,3.944424567659107e-07
30.075,-6.377038183263744e-07
30.105,-6.870815951570382e-07
30.13499999999999,-1.110896632497546e-06
30.16499999999999,-2.687316161162053e-07
30.195,1.134144729170563e-06
30.225,-4.037660135287066e-07
30.255,2.044533517275371e-07
30.285,5.659208026341251e-08
30.315,1.48380534036941e-06
30.345,8.278679062884067e-07
30.375,5.779964108274145e-07
30.405,3.242536884333303e-07
30.435,-9.131734063843678e-07
30.465,-4.595478725018861e-08
30.49499999999999,-5.746116647022169e-07
30.525,1.192545007141967e-06
30.555,5.837054917233811e-07
30.585,1.14583603401516e-06
30.615,1.211511974499131e-07
30.645,7.47984463019837e-07
30.675,-4.755770013692082e-09
30.705,1.147288995149488e-06
30.735,-6.966804713445362e-07
30.765,-1.060140916228766e-06
30.79499999999999,-2.933636052543636e-07
30.825,-9.196372959464254e-07
30.85499999999999,8.541921779928142e-07
30.885,-1.170228215051665e-06
30.915,-1.067508987244274e-06
30.945,-2.644934920087959e-07
30.975,2.071499324352889e-08
31.005,8.693277572717571e-07
31.035,7.802310877301445e-08
31.065,3.061199357949043e-07
31.095,-6.248605169381009e-07
31.125,-1.437522482411523e-06
31.15499999999999,-1.584105450819575e-06
31.185,7.795188408593417e-07
31.215,7.031031817273325e-07
31.245,2.56077461839642e-07
31.275,-1.947227077198055e-07
31.305,-1.442941868675057e-06
31.335,6.8403239377921e-07
31.365,8.375081458536341e-07
31.395,-4.113823638956116e-08
31.425,6.282569294188429e-07
31.45499999999999,-2.11589149822747e-07
31.485,-5.632856019169817e-07
31.51499999999999,-2.568449798935829e-07
31.545,1.09111526777248e-06
31.575,1.758512593654188e-06
31.605,-9.350306870007687e-07
31.635,6.281173897588511e-07
31.665,-1.254336944104682e-06
31.695,-2.394655906030408e-07
31.725,-1.829435342990023e-06
31.755,9.763652682855334e-07
31.785,9.352197653984557e-07
31.81499999999999,-2.872852263091164e-07
31.845,5.949403348408377e-07
31.87499999999999,5.24189116331438e-07
31.90499999999999,2.039072289554238e-08
31.935,-3.247868776742446e-07
31.965,9.979025118480016e-07
31.995,3.509047210443735e-07
32.025,7.794250416841546e-07
32.055,1.04653734167928e-06
32.085,2.858311260985416e-08
32.11499999999999,1.906088449588885e-06
32.145,-1.256017351049027e-07
32.175,6.833850379608453e-07
32.20499999999999,-1.024983173382628e-06
32.23499999999999,-4.121088888845445e-07
32.26499999999999,-1.027309680456424e-06
32.295,3.155383217341668e-07
32.325,-1.148882796317679e-07
32.355,-9.281001904961738e-07
32.385,-5.558372817430265e-08
32.415,5.700852099960445e-07
32.445,-7.506587684549251e-07
32.47499999999999,1.719561337619577e-06
32.505,2.118658505197157e-07
32.535,1.173218588001903e-06
32.56499999999999,1.44389089903863e-06
32.59499999999999,-6.245756919700737e-07
32.62500000000001,1.34198455283951e-06
32.655,8.638383242931579e-07
32.685,1.05830158127684e-06
32.715,2.301732770962741e-07
32.745,7.021976605508986e-08
32.775,-7.768421483895106e-07
32.805,-1.690822134671043e-07
32.83499999999999,-1.131694713588549e-06
32.86499999999999,5.736507209610792e-07
32.895,7.573395852481521e-07
32.92499999999999,4.500304540132642e-07
32.95500000000001,2.273742778198767e-06
32.985,2.115114958896585e-07
33.015,-6.407428897231473e-07
33.045,-3.408145931183687e-08
33.075,1.084537565690684e-07
33.105,1.548231700204141e-06
33.135,-7.414631283584293e-07
33.165,-2.334605757510228e-07
33.19499999999999,1.620743086827993e-06
33.22499999999999,-1.19361498860087e-06
33.255,7.741012441935197e-07
33.28499999999999,-1.535232314397528e-06
33.315,3.891472830932184e-08
33.345,2.926627771114489e-07
