time_ps,trace
2.654999999999999,0.08011851046616036
2.685,0.08533985198457569
2.715,0.08820542713515254
2.744999999999999,0.08821489334457727
2.774999999999999,0.08541648127459227
2.804999999999999,0.08040741971427989
2.835,0.07413492587948645
2.865,0.06749639719173786
2.894999999999999,0.06112034863961183
2.924999999999999,0.05518386073205775
2.955,0.04950643419059798
2.984999999999999,0.04372610559761345
3.015,0.03770785169294983
3.044999999999999,0.031680559864242
3.074999999999999,0.02632419066266349
3.105,0.02252061795110533
3.134999999999999,0.02101342472678965
3.165,0.02193834292004816
3.194999999999999,0.02464831144612477
3.225,0.02767309482595981
3.254999999999999,0.02912743968783454
3.284999999999999,0.02718128420320619
3.315,0.02077661511058333
3.345,0.009959788012864538
3.375,-0.003917839712249708
3.404999999999999,-0.01854681544822178
3.435,-0.0313006475494795
3.464999999999999,-0.04002911178855559
3.495,-0.04376651853276134
3.524999999999999,-0.04294188859229132
3.554999999999999,-0.03918883792166363
3.585,-0.03463925361216662
3.614999999999999,-0.03104595190336284
3.644999999999999,-0.02912657742864909
3.674999999999999,-0.02829528370483655
3.704999999999999,-0.02703385906551019
3.734999999999999,-0.02359529526370244
3.764999999999999,-0.01682482681297633
3.795,-0.00667738504118121
3.825,0.005713250279952069
3.854999999999999,0.01848944234301608
3.885,0.02981798428770604
3.915,0.03850038467706726
3.944999999999999,0.04436742483473426
3.975,0.04811496799055837
4.004999999999999,0.05094464290212907
4.034999999999999,0.05392707227605897
4.065,0.05754762787094452
4.095,0.06154430619679833
4.124999999999999,0.06501487567412961
4.154999999999999,0.06688830144312656
4.185,0.06636662992446485
4.214999999999999,0.06326088840506101
4.244999999999999,0.05805092832261263
4.274999999999999,0.05175053251177014
4.304999999999999,0.04548370521464852
4.335,0.04013719387318484
4.364999999999999,0.03607445164485733
4.395,0.03308920356042711
4.425,0.03064160465395524
4.454999999999999,0.02808442355314791
4.484999999999999,0.0250555169776953
4.515,0.02160746959717962
4.544999999999999,0.01820640075278478
4.574999999999999,0.01548675579695293
4.605,0.0139117531039584
4.635,0.0134332907794538
4.664999999999999,0.0134194773553252
4.694999999999999,0.01268837352437782
4.725,0.009968179451834081
4.754999999999999,0.004310433100017957
4.784999999999999,-0.004430655926522258
4.815,-0.01542749581733699
4.844999999999999,-0.02699065885531174
4.874999999999999,-0.03703415523003701
4.904999999999999,-0.04366105773025829
4.935,-0.04577932185484389
4.964999999999999,-0.04347099741539499
4.994999999999999,-0.03792101484471844
5.024999999999999,-0.03101294448743285
5.054999999999999,-0.02470055864392534
5.084999999999999,-0.02029554059101366
5.115,-0.01799126031926979
5.144999999999999,-0.01683377692583884
5.174999999999999,-0.01510876608851493
5.205,-0.01107776456650824
5.234999999999999,-0.003731735592863531
5.264999999999999,0.006696110507704306
5.295,0.01872043106754831
5.324999999999999,0.03018116140195805
5.354999999999999,0.03897627448576414
5.385,0.04396028343952899
5.415,0.04530050551588383
5.444999999999999,0.04432316552508146
5.474999999999999,0.04290753938162504
5.505,0.04259248479995083
5.534999999999999,0.04395402496093578
5.564999999999999,0.04640940133022201
5.595,0.04855079857520964
5.624999999999999,0.04888346407509002
5.654999999999998,0.04647336740458061
5.685,0.04144190171750226
5.715,0.03483423741417108
5.744999999999999,0.02819091375660222
5.774999999999999,0.02289841329098342
5.805,0.01968043986765824
5.834999999999999,0.01833741958228923
5.864999999999999,0.0180092703298719
5.895,0.01757578600992058
5.925,0.01614460447975443
5.954999999999999,0.01341958082547397
5.984999999999999,0.009694744769189894
6.015,0.005749166253432439
6.044999999999999,0.002314792060567863
6.074999999999999,-0.0001665352628418923
6.105,-0.001831520282898942
6.134999999999999,-0.003350409045172394
6.164999999999999,-0.00567096320958111
6.194999999999999,-0.009621338015328305
6.225,-0.01555584727118099
6.255,-0.02307873203515687
6.284999999999999,-0.03108882313385735
6.315,-0.03805245808876929
6.345,-0.04242202251503471
6.374999999999999,-0.04316561357688606
6.404999999999999,-0.0401297910689303
6.434999999999999,-0.03410270165462686
6.465,-0.02660671797886371
6.494999999999999,-0.01941375623286971
6.524999999999999,-0.01394427366451533
6.555,-0.01076570453147931
6.584999999999999,-0.009431674455518388
6.614999999999999,-0.008649911660788646
6.645,-0.00679014592752324
6.674999999999999,-0.002510926757697974
6.704999999999999,0.00460691676164946
6.734999999999999,0.01389671672847551
6.765,0.02373745088642244
6.794999999999999,0.03209837082838891
6.824999999999999,0.03726515594381385
6.855,0.03853146270995832
6.884999999999999,0.03642599546904446
6.914999999999999,0.03255857796261198
6.944999999999999,0.028947952274745
6.974999999999999,0.02718784840898169
7.004999999999999,0.02780480234468354
7.034999999999999,0.02998753691912448
7.065,0.03203503086481054
7.094999999999999,0.03207664777510873
7.125,0.02899188861083684
7.154999999999999,0.02294229107970086
7.184999999999999,0.01535745970506755
7.215,0.00830296580164701
7.244999999999999,0.003592959890797321
7.274999999999999,0.001984574423748968
7.304999999999999,0.002902083872549545
7.335,0.004729878439167848
7.364999999999998,0.005611530195601443
7.394999999999999,0.004254508304005282
7.425,0.000471770149915509
7.454999999999998,-0.004811895936208175
7.484999999999999,-0.01009092198086692
7.515,-0.01401063691213369
7.544999999999998,-0.01598144161834619
7.575,-0.0163801726474276
7.605,-0.01628620719469263
7.634999999999998,-0.01694720271344338
7.665,-0.01914404115724556
7.694999999999999,-0.02280914970640192
7.725,-0.02704866201916295
7.755,-0.03044425868057404
7.784999999999999,-0.03159029882018388
7.815,-0.02960127645733822
7.845,-0.02439276801246682
7.874999999999998,-0.01674968418689139
7.904999999999999,-0.008044883082415003
7.935,0.0001254576534366996
7.964999999999998,0.006370622067690128
7.994999999999999,0.009919222098879663
8.024999999999999,0.01070820797017022
8.054999999999998,0.009405148976921466
8.085000000000001,0.007032991405644936
8.114999999999998,0.004568371003326031
8.144999999999998,0.002446635371239604
8.175000000000001,0.0002707916497071371
8.204999999999998,-0.003166649730764865
8.234999999999999,-0.009623148755018093
8.265000000000001,-0.02076337678780417
8.294999999999998,-0.03762764358703295
8.324999999999999,-0.06006682935150207
8.355,-0.08669395261789047
8.384999999999998,-0.1151468572936569
8.414999999999999,-0.1426825894341144
8.445,-0.1668243090600559
8.474999999999998,-0.1858566777659368
8.504999999999999,-0.1988552081458038
8.535,-0.2052852456079504
8.564999999999998,-0.2043606286555059
8.594999999999999,-0.1942443387015166
8.625,-0.1717745351954799
8.654999999999998,-0.1326991698424103
8.685,-0.0725407218160532
8.715,0.01207480938180428
8.744999999999997,0.1220362415444314
8.775,0.2548106581217511
8.805,0.4040477162522287
8.834999999999999,0.5600436693208024
8.865,0.7106777294098569
8.895,0.8428265137249662
8.924999999999999,0.9438885994509867
8.955,1.003537770874086
8.984999999999999,1.015315024356414
9.014999999999999,0.9779854089541185
9.045,0.8959621179249985
9.074999999999998,0.7786963656348277
9.104999999999999,0.6389125842876798
9.135,0.4903845662956132
9.164999999999997,0.3456350820028185
9.195,0.2145168512513659
9.225,0.1035095843115387
9.254999999999997,0.01577815879408311
9.285,-0.04831640678157562
9.315,-0.09063377070049601
9.344999999999999,-0.114417513276657
9.375,-0.1236571662604682
9.404999999999999,-0.1223043441144121
9.434999999999999,-0.1137223201887485
9.465,-0.1003642858126066
9.494999999999999,-0.08377231543904953
9.524999999999999,-0.06484415660780286
9.555,-0.04425037713419568
9.584999999999999,-0.02282034611183596
9.614999999999998,-0.00173730384377792
9.645,0.01747515316181417
9.674999999999999,0.03316487854189302
9.704999999999998,0.04389282366021011
9.734999999999999,0.0488012755856206
9.764999999999999,0.04784129986213981
9.795,0.04185614107595848
9.824999999999999,0.03252747243141641
9.854999999999999,0.02195000309905329
9.885,0.01222472896891558
9.914999999999999,0.004924172222086249
9.944999999999999,0.0008080972861858314
9.975,-0.0001409842484709669
10.005,0.00158903078165738
10.035,0.005654162468880996
10.065,0.01236429391392283
10.095,0.02296456716632054
10.125,0.03941135481764559
10.155,0.06370771824054272
10.185,0.09695591504361864
10.215,0.1385593539278878
10.245,0.1857728356642555
10.275,0.2339469391955616
10.305,0.2774480664225479
10.335,0.3108931276946513
10.365,0.3303511706631993
10.395,0.3341550124905557
10.425,0.3229948511770618
10.455,0.2994648099325133
10.485,0.2671633932734954
10.515,0.2298122691602396
10.545,0.1905123753861278
10.575,0.1514625077644531
10.605,0.1138980198226126
10.635,0.0783501327048698
10.665,0.04495564047472909
10.695,0.01366499383191327
10.725,-0.01545552149589246
10.755,-0.04214667733005761
10.785,-0.06580700810740643
10.815,-0.0856717836105071
10.845,-0.10087801851887
10.875,-0.1107737128146256
10.905,-0.1150551946399198
10.935,-0.1138770828421145
10.965,-0.1077507093498536
10.995,-0.09742046333836325
11.025,-0.08379241460102434
11.055,-0.06784803831989764
11.085,-0.05076710654594926
11.115,-0.03395795273582521
11.145,-0.0188362770953633
11.175,-0.00665925418919772
11.205,0.00192152841762279
11.235,0.007078040642041626
11.265,0.009798468260670571
11.295,0.01160538577798224
11.325,0.01415418854703543
11.355,0.01869253583024246
11.385,0.02583310625929226
11.415,0.03548729778985401
11.445,0.04705417013299219
11.475,0.05984114218370081
11.505,0.07337955652400215
11.535,0.08771006528631108
11.565,0.1033834311198336
11.595,0.1212076731322873
11.625,0.1417225307564057
11.655,0.1647476512495358
11.685,0.1888654351125942
11.715,0.2113952169242991
11.745,0.2288357970421272
11.775,0.2376717422112957
11.805,0.2354618231386752
11.835,0.2217511267999552
11.865,0.1984445930847629
11.895,0.169513392328447
11.925,0.1400278538037356
11.955,0.1147662256970351
11.985,0.09697944488692327
12.015,0.08757328209331587
12.045,0.08506112426264778
12.075,0.08625566775675038
12.105,0.08732649401189814
12.135,0.08495018535985584
12.165,0.07722588306720901
12.195,0.06395938944498931
12.225,0.04646866181390714
12.255,0.02697790858486616
12.285,0.007894680137354147
12.315,-0.008805940107104145
12.345,-0.02194167282617647
12.375,-0.03114937425260276
12.405,-0.03672036668361955
12.435,-0.03933025302467245
12.465,-0.0398358487922261
12.495,-0.03906477266543971
12.525,-0.03771832343783649
12.555,-0.03634641163086433
12.585,-0.03531014285769367
12.615,-0.03482262206929149
12.645,-0.03491683674897291
12.675,-0.03542933705167634
12.705,-0.03587924018731115
12.735,-0.03548400928064412
12.765,-0.0332041051370598
12.795,-0.02795588141057111
12.825,-0.01900376737975729
12.855,-0.006205850604164918
12.885,0.00984957044947918
12.915,0.02803542023974504
12.945,0.04707830044521768
12.975,0.06600598771151406
13.005,0.08439075144612011
13.035,0.1023540187846657
13.065,0.1201792100200015
13.095,0.1378504601074336
13.125,0.1545829339640841
13.155,0.1688033932058551
13.185,0.1783064249160274
13.215,0.1809065360584157
13.245,0.1750923235308564
13.275,0.160731173352693
13.305,0.1393748087495665
13.335,0.1142105361761935
13.365,0.08946160745499236
13.395,0.06948611089117536
13.425,0.05766688548123459
13.455,0.0554906236048221
13.485,0.06219608079631161
13.515,0.07481503414098543
13.545,0.08909269456984847
13.575,0.1005958337005349
13.605,0.1058635433327201
13.635,0.103192058054339
13.665,0.09284740315802564
13.695,0.07672406063457464
13.725,0.05750177383086878
13.755,0.03787990509226159
13.785,0.01982497488670548
13.815,0.00425997535265144
13.845,-0.008774767151285182
13.875,-0.01989941336921724
13.905,-0.02976958947164919
13.935,-0.03880259453492109
13.965,-0.04699671153208455
13.995,-0.05400579912912177
14.025,-0.05935885766309252
14.055,-0.06269305673905565
14.085,-0.06382602026945849
14.115,-0.06274141252848135
14.145,-0.05941528276260739
14.175,-0.05373592040626721
14.205,-0.0454397401498642
14.235,-0.03425385889360121
14.265,-0.0199830788884926
14.295,-0.002750948408213986
14.325,0.01691262121240113
14.355,0.03807769199217699
14.385,0.0595099902406518
14.415,0.0799250012203461
14.445,0.09830633723406808
14.475,0.1140696496333149
14.505,0.1271398909725826
14.535,0.1377617586594218
14.565,0.1461775885603304
14.595,0.152216655218866
14.625,0.155179788067177
14.655,0.1539673904072665
14.685,0.1475546115642211
14.715,0.1356101186789746
14.745,0.1190229976509463
14.775,0.09996376825570577
14.805,0.08151812108858911
14.835,0.06688951662319363
14.865,0.05849596761277197
14.895,0.05722841142820553
14.925,0.06211797925329878
14.955,0.07057628919571989
14.985,0.07904598013229663
15.015,0.08392707345225177
15.045,0.08250757250726842
15.075,0.07353450012509274
15.105,0.05754190511724287
15.135,0.03650257571600353
15.165,0.01326322089139535
15.195,-0.009270933475982094
15.225,-0.02882906399663844
15.255,-0.04417817328489752
15.285,-0.05510736231124502
15.315,-0.06216543873438611
15.345,-0.06614848677103025
15.375,-0.06771309465037276
15.405,-0.06711766411093587
15.435,-0.06426466405799423
15.465,-0.05892769216016334
15.495,-0.05098261707056532
15.525,-0.04061121206764406
15.555,-0.02839392633221436
15.585,-0.01509273324426981
15.615,-0.00147948858326528
15.645,0.01194706747282178
15.675,0.02500819198949565
15.705,0.03783479256678493
15.735,0.05068667714188248
15.765,0.06361873557483197
15.795,0.07637894756051103
15.825,0.08830855839304534
15.855,0.09858351602864299
15.885,0.1064265701726845
15.915,0.1114097292656072
15.945,0.1135601999873572
15.975,0.1132754466224833
16.005,0.111188170719677
16.035,0.1078234557886664
16.065,0.1034030005416314
16.095,0.09778735189146071
16.125,0.09061383725343049
16.155,0.08151326330364553
16.185,0.07061201800640057
16.215,0.05870722490934326
16.245,0.04735200963494233
16.275,0.03851509776181118
16.305,0.034041668202729
16.335,0.03487679651477767
16.365,0.04056180763893071
16.395,0.04914561644676622
16.425,0.05759297023138552
16.45499999999999,0.06262041796970269
16.485,0.0617064596076049
16.515,0.05384595325288988
16.545,0.03976937518541133
16.575,0.02166505572209497
16.605,0.00241650826578554
16.635,-0.01524520726664091
16.665,-0.02945904465564066
16.695,-0.03952330845854297
16.725,-0.04579119656395312
16.755,-0.04923804454227802
16.785,-0.05090380571982323
16.815,-0.05140413578458013
16.845,-0.05077342326247673
16.875,-0.04851503771851305
16.905,-0.0439618654650856
16.935,-0.03662895684326861
16.965,-0.02657497539069696
16.995,-0.01446336279359091
17.025,-0.001398637298357534
17.055,0.01144898605787705
17.085,0.02317291916242782
17.115,0.03338121584447474
17.145,0.04223042476805834
17.175,0.0502672808472032
17.205,0.05806160788227001
17.235,0.06589031076722424
17.265,0.07362214302787955
17.295,0.08068069058885824
17.325,0.08629339915351177
17.355,0.0897632492410663
17.385,0.09076800361372374
17.415,0.08945608820291824
17.445,0.08642425704061912
17.475,0.08242138143094219
17.505,0.07806205044966212
17.535,0.07362219694256589
17.565,0.06898773309390982
17.595,0.06377695070588092
17.625,0.05769190828156036
17.655,0.05081068632122931
17.685,0.04372561969421948
17.715,0.03744719264073001
17.745,0.03314104896475237
17.775,0.0316189626126141
17.805,0.03292928465024979
17.835,0.03614528559935724
17.865,0.03945468638941697
17.895,0.04061042152313712
17.925,0.03757520995936008
17.955,0.02926594320896245
17.985,0.01597641371365313
18.015,-0.0005281940000191092
18.045,-0.01753513867803506
18.075,-0.03216694103190421
18.105,-0.04228528875629538
18.135,-0.0471429613983694
18.165,-0.04744980767110639
18.195,-0.04495693516246783
18.225,-0.04161719861914749
18.255,-0.03883467991358812
18.285,-0.03687165805738551
18.315,-0.03500171919351176
18.345,-0.0318346752817342
18.375,-0.0261250619135008
18.405,-0.01733850843108476
18.435,-0.005901508084960784
18.465,0.00691019820713419
18.495,0.01945383474031449
18.525,0.03029405137285934
18.555,0.03867407839072184
18.585,0.04468774318439227
18.615,0.04908696484358113
18.645,0.05293140842315643
18.675,0.05705022622587711
18.705,0.06174265243984469
18.735,0.06665407367773941
18.765,0.07095022710159417
18.795,0.07370673816205191
18.825,0.07423932123010574
18.855,0.07240701484554367
18.885,0.06863526243421011
18.915,0.06374618992108955
18.945,0.05865207534588637
18.975,0.0539615378811539
19.005,0.04986668720657062
19.035,0.04613323891214977
19.065,0.04227827710557144
19.095,0.03789222081302057
19.125,0.03292904762497142
19.155,0.02777759811504171
19.185,0.02317858513090837
19.215,0.01990760338403828
19.245,0.01835444602430104
19.275,0.01827719070836675
19.305,0.01869728500553557
19.335,0.01814332390247027
19.365,0.01510298943951007
19.395,0.008575046305556399
19.425,-0.001457874526167685
19.455,-0.01393828078806028
19.485,-0.02688805725073475
19.515,-0.037984085435408
19.545,-0.04524336625672364
19.575,-0.0476241656627573
19.605,-0.04536834498599638
19.635,-0.03989878349484647
19.665,-0.03329893061549043
19.695,-0.02754323507957392
19.725,-0.02373404974406934
19.755,-0.02175870065321842
19.785,-0.02032101205623324
19.815,-0.01756169842388513
19.845,-0.01193145359569098
19.875,-0.002852592790106918
19.905,0.008912469849961533
19.935,0.02155496694757766
19.965,0.03289406349595252
19.995,0.04124405596828139
20.025,0.0460236169987872
20.055,0.04785274301736577
20.085,0.0481895980260891
20.115,0.04862150081917824
20.145,0.05015846874362558
20.175,0.05286139804260286
20.205,0.05587323829928093
20.235,0.05791366470009122
20.265,0.05781603265103526
20.295,0.05509699268717368
20.325,0.05006047168282233
20.355,0.04373822650837644
20.385,0.03738143239922839
20.415,0.03202211931357701
20.445,0.02813745553020757
20.475,0.02554890538411192
20.505,0.02358982617734103
20.535,0.02149491730635538
20.565,0.01875366806006726
20.595,0.01528748115016645
20.625,0.01150124030826141
20.655,0.008065531779278462
20.685,0.005570416487366498
20.715,0.004217887752823979
20.745,0.003620349447885703
20.775,0.002901829187161754
20.805,0.0009320149544724353
20.835,-0.003214910379600901
20.865,-0.009853984536181918
20.895,-0.0184582598812634
20.925,-0.02769193786018075
20.955,-0.03576256587770166
20.985,-0.04097643085785618
21.015,-0.04224280579837297
21.045,-0.03950142071839872
21.075,-0.03372889467849357
21.105,-0.02665043562716598
21.135,-0.02010423462329475
21.165,-0.0154550140323698
21.195,-0.01309757331555285
21.225,-0.01231808025726473
21.255,-0.01159816751676351
21.285,-0.009187123127918365
21.315,-0.00385271039040874
21.345,0.004592337248179449
21.375,0.01512350429261114
21.405,0.02580305519192212
21.435,0.03448588322224508
21.465,0.03963181111266541
21.495,0.04088325762838174
21.525,0.03923010227045056
21.555,0.03650394273577506
21.585,0.03465277718189289
21.615,0.03482700681792716
21.645,0.0369279188125725
21.675,0.0397024209638815
21.705,0.04133092692423188
21.735,0.04030861330136127
21.765,0.03613154362900887
21.795,0.02955733746498404
21.825,0.02224421142878922
21.855,0.0160395494619946
21.885,0.01217772779179682
21.915,0.0108297264057408
21.945,0.01112087734538476
21.975,0.01163948839068869
22.005,0.01104200498005151
22.035,0.00869141930740247
22.065,0.004820054364887366
22.095,0.0003169621231456724
22.125,-0.003737226141762784
22.155,-0.006608695155293016
22.185,-0.008230522173184903
22.215,-0.009222483689886672
22.245,-0.010609299842054
22.275,-0.01333572564327838
22.305,-0.01788185583738279
22.335,-0.02400515872070088
22.365,-0.0307173548809702
22.395,-0.03662950803622242
22.425,-0.04033491166780388
22.455,-0.04087844129443221
22.485,-0.0380350534705593
22.515,-0.03245342815568333
22.545,-0.02543911863169144
22.575,-0.0185721615860656
22.605,-0.01318912101198474
22.635,-0.009955590204165563
22.665,-0.008617432931413377
22.695,-0.008081019426569141
22.725,-0.006877319599431543
22.755,-0.003685476209607017
22.785,0.002122009092230394
22.815,0.01015141723187272
22.845,0.0190689619963735
22.875,0.0270298960144301
22.905,0.03227055157377771
22.935,0.03385610005223792
22.965,0.03196725751164423
22.995,0.02788792907473795
23.025,0.02350946364573482
23.055,0.02061205158193138
23.085,0.02013167622412366
23.115,0.02178765335698253
23.145,0.02415845952593437
23.175,0.0253415832061307
23.205,0.02376831982942685
23.235,0.01892769029837694
23.265,0.01172544318297271
23.295,0.004099298461497616
23.325,-0.001770027204564219
23.355,-0.004435118294700344
23.385,-0.003795994640028048
23.415,-0.001165170107093076
23.445,0.001333774651223298
23.475,0.001734294477065623
23.505,-0.0009266028765004209
23.535,-0.00616727446512963
23.565,-0.01240080531351999
23.595,-0.01771899878680199
23.625,-0.02078498250621023
23.655,-0.0214303426340922
23.685,-0.02067637218486941
23.715,-0.02013601642081373
23.745,-0.02118959031128387
23.775,-0.02431619646248683
23.805,-0.02883713661714095
23.835,-0.03318462806635096
23.865,-0.03562423173125213
23.895,-0.03492491181341568
23.925,-0.03084065375012434
23.955,-0.02417453255537682
23.985,-0.01641652044039476
24.015,-0.009228331295376136
24.045,-0.003895343658987713
24.075,-0.0009660251196007207
24.105,-0.0002492378908007205
24.135,-0.0009339192979850159
24.165,-0.001964243058269758
24.195,-0.002384322227381437
24.225,-0.001748647176380401
24.255,-0.0002386202230144731
24.285,0.001255224020846021
24.315,0.001394546612789887
24.345,-0.001222843072464849
24.375,-0.007580270839372934
24.405,-0.01781675865720339
24.435,-0.03107496466164891
24.465,-0.04563233083930161
24.495,-0.05933943426122023
24.525,-0.07029524165631278
24.555,-0.07728789447382402
24.585,-0.08007217046589832
24.615,-0.07913327307470124
24.645,-0.07515085032856234
24.675,-0.06826693069383302
24.705,-0.05756271855111659
24.735,-0.04098285662080869
24.765,-0.01576343959448
24.795,0.02057510228303953
24.825,0.06922277127968937
24.855,0.1291798438027839
24.885,0.1969547754283433
24.915,0.2669524729179133
24.945,0.3324260731119792
24.975,0.3865419648276342
25.005,0.4235726743930919
25.035,0.439560343456753
25.065,0.4327707144704804
25.095,0.4038396298417454
25.125,0.3557082745535969
25.155,0.293431061953824
25.185,0.2235185576980925
25.215,0.1530273913263257
25.245,0.08835099666533749
25.275,0.03415294838600145
25.305,-0.007195889056592717
25.335,-0.03559884240345565
25.365,-0.05259392943725366
25.395,-0.06058411776009443
25.425,-0.06205588294039757
25.455,-0.05921851089489497
25.485,-0.05384195265435283
25.515,-0.04719267142809524
25.545,-0.04008851166621431
25.575,-0.03288214471581149
25.605,-0.02554609090292734
25.635,-0.01784647151581896
25.665,-0.009652854984891613
25.695,-0.001213218287644042
25.725,0.006741177035396574
25.755,0.01312271329364505
25.785,0.0168194916369438
25.815,0.01709779884948403
25.845,0.01389461384872151
25.875,0.007999170787124608
25.905,0.0008317910429400624
25.935,-0.005855655548299301
25.965,-0.01036137070303684
25.995,-0.01147918023418026
26.025,-0.008726020687555926
26.055,-0.002313802129522958
26.085,0.007002436659929853
26.115,0.01838391388050455
26.145,0.0313047274636573
26.175,0.04588187284556074
26.205,0.06287792189572833
26.235,0.0832638378431215
26.265,0.1075808783466568
26.295,0.1351809370379463
26.325,0.1638447346993162
26.355,0.1897701577239953
26.385,0.2083752925868784
26.415,0.215424314030303
26.445,0.2083760862776717
26.475,0.1873034771232591
26.505,0.1551840408911144
26.535,0.1174247622845284
26.565,0.08060876446932767
26.595,0.05093237750980788
26.625,0.03295569940595645
26.655,0.02860311451610324
26.685,0.03708155514422962
26.715,0.05534287364097537
26.745,0.07908715850942927
26.775,0.1037423307398933
26.805,0.1252752871323669
26.835,0.1407812278418569
26.865,0.1485836801735454
26.895,0.1482278306473504
26.925,0.1402886928260587
26.955,0.1260574539320376
26.985,0.1071995676937879
27.015,0.08550605565253888
27.045,0.06256463747999569
27.075,0.03965689637376049
27.105,0.01775986438159737
27.135,-0.002449601350946546
27.165,-0.02053119074728822
27.195,-0.03632717215799846
27.225,-0.04991403742764148
27.255,-0.06154866911882946
27.285,-0.0714939878382691
27.315,-0.07976760617099304
27.345,-0.0859061172792336
27.375,-0.08904398197731132
27.405,-0.0880801404937951
27.435,-0.08212213779197206
27.465,-0.07087252470689961
27.495,-0.05476439566351669
27.525,-0.03492651670580771
27.555,-0.01271633399648544
27.585,0.01066663674962452
27.61499999999999,0.0345350512867174
27.645,0.05880773258092861
27.675,0.08375088384593901
27.705,0.1095948136779311
27.735,0.1360324854443926
27.765,0.1618455832565391
27.795,0.1849203154166703
27.825,0.2024918578644999
27.855,0.211792252927995
27.885,0.2108756335871926
27.915,0.199408076885738
27.945,0.1790672477573474
27.975,0.1534709016353591
28.005,0.1274480942602183
28.035,0.1058935969657158
28.065,0.09246371561364085
28.095,0.08859207957939395
28.125,0.09316148581021368
28.155,0.102762824750404
28.185,0.1127796984968296
28.215,0.1185579745739169
28.245,0.1166395080842994
28.275,0.105500980666083
28.305,0.08574653135379237
28.335,0.05968572493497435
28.365,0.03055664091659938
28.395,0.001719429464523286
28.425,-0.02412579282780049
28.455,-0.04521717092993902
28.485,-0.06079220797857416
28.515,-0.07080065153580599
28.545,-0.07564280635328277
28.575,-0.07593003077402201
28.605,-0.07239120564272296
28.635,-0.06583782019874306
28.665,-0.05714495332108693
28.695,-0.0472558625015528
28.725,-0.0369601351439842
28.755,-0.02688673048124188
28.785,-0.01728557636340641
28.815,-0.0080750639707354
28.845,0.001166734524327829
28.875,0.0110319634944092
28.905,0.02210502781638437
28.935,0.03468244510370509
28.965,0.04860014787356312
28.995,0.06323120459114576
29.025,0.07763883679288883
29.055,0.09094762139316756
29.085,0.1026224931337604
29.11499999999999,0.1126845183841181
29.14499999999999,0.121564086389599
29.175,0.1297074806832561
29.205,0.137110929109487
29.235,0.1430612287072279
29.265,0.1461409856151614
29.295,0.1446331579661849
29.325,0.1372991034064831
29.355,0.123941659385124
29.385,0.1058299918780824
29.415,0.08561858377541028
29.445,0.06684713084004464
29.47499999999999,0.05300615567438786
29.505,0.0466908248930557
29.535,0.04879311214228534
29.565,0.05818669379144829
29.595,0.07188504915801751
29.625,0.08574504993667408
29.655,0.09546031145488772
29.685,0.09768184630948291
29.715,0.09075202212054299
29.745,0.07509475191362455
29.775,0.05289825734099932
29.80499999999999,0.02745281896713114
29.835,0.002206396360511721
29.865,-0.0200063704405084
29.895,-0.03742937654524157
29.925,-0.04948766105900665
29.955,-0.05654268071676268
29.985,-0.05944020292719977
30.015,-0.05911369100426042
30.045,-0.05634306474394547
30.075,-0.05163433289245851
30.105,-0.04533103359977434
30.13499999999999,-0.03776712660381849
30.16499999999999,-0.02939064335138051
30.195,-0.02071754253104887
30.225,-0.01220232057520228
30.255,-0.004047826033228315
30.285,0.003919142729132324
30.315,0.01219206789129692
30.345,0.0213842245064484
30.375,0.03198643761422062
30.405,0.04407694368400208
30.435,0.05728120200001913
30.465,0.07083297934012507
30.49499999999999,0.08379215397683681
30.525,0.09528734220988754
30.555,0.1047670512061702
30.585,0.1121037066376961
30.615,0.1174725164635372
30.645,0.1211294189073307
30.675,0.123190673121906
30.705,0.1234039311691791
30.735,0.1211108662114767
30.765,0.115506446964784
30.79499999999999,0.1061541791773627
30.825,0.0933372727619266
30.85499999999999,0.07844507111538974
30.885,0.06379909127910098
30.915,0.05209269911427022
30.945,0.04555566533135699
30.975,0.04517870545443389
31.005,0.05023964425738387
31.035,0.05841070185144771
31.065,0.06635863178926839
31.095,0.07074802941887945
31.125,0.06908855133054502
31.15499999999999,0.06042661621926584
31.185,0.04549713546501361
31.215,0.02638907840820533
31.245,0.00589051280776677
31.275,-0.01325175692906565
31.305,-0.02900332167289683
31.335,-0.04040206549484208
31.365,-0.04752624370584229
31.395,-0.0511717636652942
31.425,-0.05241928070049388
31.45499999999999,-0.05210779704843465
31.485,-0.05065414006511965
31.51499999999999,-0.04798131681892285
31.545,-0.04382020493786506
31.575,-0.03796835567006154
31.605,-0.03045943858571541
31.635,-0.02171680813714739
31.665,-0.01232965724511925
31.695,-0.002867394174844625
31.725,0.006378184728647405
31.755,0.01547323434897525
31.785,0.02482996907586286
31.81499999999999,0.034959549842131
31.845,0.04619290117481045
31.87499999999999,0.05843415464872735
31.90499999999999,0.0711117989929141
31.935,0.08323953790159114
31.965,0.09372174519985475
31.995,0.1016645251015505
32.025,0.1066597146923379
32.055,0.1088125882895037
32.085,0.1085947599779058
32.11499999999999,0.1065778007003029
32.145,0.1031758760799306
32.175,0.09847911485996269
32.20499999999999,0.09229463345271777
32.23499999999999,0.08435928458049689
32.26499999999999,0.07471876157599759
32.295,0.06390268475573599
32.325,0.05303667749519496
32.355,0.04367170715828089
32.385,0.03734167874294657
32.415,0.03501230244952144
32.445,0.03662434862895699
32.47499999999999,0.04083169306364287
32.505,0.04527742160800598
32.535,0.04717954565900432
32.56499999999999,0.04416769545451842
32.59499999999999,0.03515796515022876
32.62500000000001,0.02070677239893344
32.655,0.002896438878718867
32.685,-0.01531874881066814
32.715,-0.03107644338563274
32.745,-0.0424191216204152
32.775,-0.04880837019636532
32.805,-0.05097241777532381
32.83499999999999,-0.05043060736864968
32.86499999999999,-0.04873027143951566
32.895,-0.04684607709070444
32.92499999999999,-0.04489443721357791
32.95500000000001,-0.04222467104633423
32.985,-0.03787864251044813
33.015,-0.03105711039833447
33.045,-0.02154542665313602
33.075,-0.009865169099089832
33.105,0.00291906315321677
33.135,0.01551744454957137
33.165,0.02689325067177547
33.19499999999999,0.03659577903351421
33.22499999999999,0.04475958994525894
33.255,0.05200151298438063
33.28499999999999,0.05900420520613848
33.315,0.0661720409837367
33.345,0.07342118752749487
