time_ps,trace
2.654999999999999,-6.902896560173096e-05
2.685,-8.630300323967448e-05
2.715,-8.989834743580566e-05
2.744999999999999,-8.118159756169961e-05
2.774999999999999,-4.809710385263204e-05
2.804999999999999,1.201283938601222e-05
2.835,0.0001034561108417434
2.865,0.0002112833520379001
2.894999999999999,0.0003459535248809906
2.924999999999999,0.0004711831048569884
2.955,0.0005833263023044317
2.984999999999999,0.0006633378124786583
3.015,0.000706010647463149
3.044999999999999,0.0007086573657044388
3.074999999999999,0.0006702842172243711
3.105,0.0006056997400326598
3.134999999999999,0.00050869561609843
3.165,0.00039858958111453
3.194999999999999,0.0002684835457841874
3.225,0.000136005886646438
3.254999999999999,-5.623438440672784e-06
3.284999999999999,-0.0001567779754354164
3.315,-0.0003106695829982646
3.345,-0.0004505008738050799
3.375,-0.0005840103744511218
3.404999999999999,-0.000670727239964533
3.435,-0.0007097945627628818
3.464999999999999,-0.0006952164188246284
3.495,-0.0006060243130947591
3.524999999999999,-0.0004525736642657529
3.554999999999999,-0.0002516724890429755
3.585,-1.544396636214067e-05
3.614999999999999,0.0002226191368206118
3.644999999999999,0.0004442784772095695
3.674999999999999,0.0006203448660740364
3.704999999999999,0.0007406449770552388
3.734999999999999,0.0007972132078536781
3.764999999999999,0.0007895510591614027
3.795,0.0007284083727038379
3.825,0.0006278781923285605
3.854999999999999,0.0005000504326446977
3.885,0.0003621710519868807
3.915,0.0002272414679745471
3.944999999999999,0.0001165296357066997
3.975,2.328933756364119e-05
4.004999999999999,-4.098829036686083e-05
4.034999999999999,-7.67083865851619e-05
4.065,-9.112488446267598e-05
4.095,-7.260946871648611e-05
4.124999999999999,-3.519207563722635e-05
4.154999999999999,1.881084016676773e-05
4.185,9.705457992056712e-05
4.214999999999999,0.0001992678320606127
4.244999999999999,0.0003196346936161162
4.274999999999999,0.0004589230871164378
4.304999999999999,0.0006148252045244826
4.335,0.0007771476641875984
4.364999999999999,0.000932908087302326
4.395,0.001074199067115064
4.425,0.001178278293670051
4.454999999999999,0.001222364203804186
4.484999999999999,0.001205942074734095
4.515,0.001109916233820291
4.544999999999999,0.0009161940370263439
4.574999999999999,0.0006326652828157559
4.605,0.0002709477654823061
4.635,-0.0001539436672622522
4.664999999999999,-0.000613814701141918
4.694999999999999,-0.001071566043287718
4.725,-0.001482765352400914
4.754999999999999,-0.001818321984431556
4.784999999999999,-0.002041744160826946
4.815,-0.002134917335622267
4.844999999999999,-0.002100765212589836
4.874999999999999,-0.001943577465683554
4.904999999999999,-0.00167732082078825
4.935,-0.001340674887281523
4.964999999999999,-0.0009647288448102105
4.994999999999999,-0.0005730425644329047
5.024999999999999,-0.000203485391673276
5.054999999999999,0.0001310995962206094
5.084999999999999,0.0004069574772027771
5.115,0.0006169832337327082
5.144999999999999,0.0007558599643597572
5.174999999999999,0.0008320687472796924
5.205,0.0008458144644353848
5.234999999999999,0.0008105238569202751
5.264999999999999,0.0007422860530819375
5.295,0.000645980168424298
5.324999999999999,0.0005483424808320863
5.354999999999999,0.0004496144232327428
5.385,0.0003798838140520331
5.415,0.0003283908680921722
5.444999999999999,0.0003206510811427948
5.474999999999999,0.0003611129476465659
5.505,0.0004419778129880015
5.534999999999999,0.0005712673982422802
5.564999999999999,0.0007420925516479311
5.595,0.0009469365583469033
5.624999999999999,0.001178937169192803
5.654999999999998,0.00142025130359384
5.685,0.001662216485525302
5.715,0.001881626724275254
5.744999999999999,0.002066338805372698
5.774999999999999,0.00219257725411334
5.805,0.002258637108653656
5.834999999999999,0.002246095131101876
5.864999999999999,0.002146151897950336
5.895,0.001972445325445058
5.925,0.001710331838306631
5.954999999999999,0.001383674136052462
5.984999999999999,0.0009980971105201216
6.015,0.0005664469608682118
6.044999999999999,0.0001241631327774797
6.074999999999999,-0.0003276879340201888
6.105,-0.0007544420000446738
6.134999999999999,-0.001151307273402071
6.164999999999999,-0.001483157085595426
6.194999999999999,-0.001754133023611417
6.225,-0.001947160424930004
6.255,-0.002072169971419506
6.284999999999999,-0.00211739180093187
6.315,-0.002090718040649408
6.345,-0.002007623721685544
6.374999999999999,-0.00188073121294947
6.404999999999999,-0.001710451517501764
6.434999999999999,-0.001521419337072863
6.465,-0.001312402418157818
6.494999999999999,-0.001099110988355585
6.524999999999999,-0.0008861167581614461
6.555,-0.0006813739840306457
6.584999999999999,-0.0004807164809564394
6.614999999999999,-0.0002907063469864438
6.645,-0.0001087089272257414
6.674999999999999,5.8890928049756e-05
6.704999999999999,0.0002210352304147016
6.734999999999999,0.0003812637980864225
6.765,0.000534957632226859
6.794999999999999,0.0006838237118530646
6.824999999999999,0.0008320282904965747
6.855,0.0009706632858649531
6.884999999999999,0.001097645896840315
6.914999999999999,0.001215400704110525
6.944999999999999,0.00131740524840913
6.974999999999999,0.001399560402550107
7.004999999999999,0.001455541646882304
7.034999999999999,0.001495963620091195
7.065,0.001518679758616841
7.094999999999999,0.001523313564183221
7.125,0.001517243261993339
7.154999999999999,0.001511083415121172
7.184999999999999,0.00150214809797854
7.215,0.001496794525333204
7.244999999999999,0.001503829850470515
7.274999999999999,0.001510735149196027
7.304999999999999,0.001526510527742803
7.335,0.001537572703562639
7.364999999999998,0.001536761286749742
7.394999999999999,0.001531714135922158
7.425,0.001510287681952778
7.454999999999998,0.001462696056087135
7.484999999999999,0.001400680876152993
7.515,0.001314469714997294
7.544999999999998,0.0012098722578321
7.575,0.001088369485210754
7.605,0.0009576639674829521
7.634999999999998,0.0008198490880090807
7.665,0.0006835469847665468
7.694999999999999,0.0005554367202361171
7.725,0.0004285307065032933
7.755,0.0003222301210574824
7.784999999999999,0.0002281848363470587
7.815,0.0001528616505965407
7.845,9.253172362147262e-05
7.874999999999998,5.003851721593102e-05
7.904999999999999,3.110653510111559e-05
7.935,2.507917740569443e-05
7.964999999999998,2.833867907290723e-05
7.994999999999999,3.847317018612982e-05
8.024999999999999,5.691151374882546e-05
8.054999999999998,7.849958047391479e-05
8.085000000000001,0.0001015629485024045
8.114999999999998,0.000119357984800165
8.144999999999998,0.0001353881724172005
8.175000000000001,0.0001422168403470291
8.204999999999998,0.0001512707419848971
8.234999999999999,0.0001664280797167199
8.265000000000001,0.0001866152317753501
8.294999999999998,0.000229174705123863
8.324999999999999,0.0002970885499339685
8.355,0.0003996295509270482
8.384999999999998,0.0005396833153635037
8.414999999999999,0.0007273673270510497
8.445,0.0009714126415486917
8.474999999999998,0.001265534130979217
8.504999999999999,0.001606260135585916
8.535,0.001986429774978751
8.564999999999998,0.002383382843113612
8.594999999999999,0.002764670793304951
8.625,0.003101853383050737
8.654999999999998,0.003335246595663703
8.685,0.003397715105922149
8.715,0.003236566502349702
8.744999999999997,0.002782474878316271
8.775,0.001997936908271539
8.805,0.0008735250707018295
8.834999999999999,-0.0005540804010383439
8.865,-0.002175004099348643
8.895,-0.003845293752489949
8.924999999999999,-0.005376480113230719
8.955,-0.006568978138719483
8.984999999999999,-0.007277153326872992
9.014999999999999,-0.007398419438672417
9.045,-0.00692736343763792
9.074999999999998,-0.005932191356345764
9.104999999999999,-0.004566910614766014
9.135,-0.003009638005978642
9.164999999999997,-0.001434480390671216
9.195,4.831593438333638e-07
9.225,0.001164861158683552
9.254999999999997,0.002006888815272153
9.285,0.002488877174334
9.315,0.002628696942586643
9.344999999999999,0.002448340848469317
9.375,0.002014001976911995
9.404999999999999,0.00137711127460506
9.434999999999999,0.0006061750946970612
9.465,-0.0002304764030592423
9.494999999999999,-0.001062671794036464
9.524999999999999,-0.001831194292624646
9.555,-0.002474193145289413
9.584999999999999,-0.002931960879789176
9.614999999999998,-0.003145744237977891
9.645,-0.003055633859637296
9.674999999999999,-0.002622109043577807
9.704999999999998,-0.001784561528972823
9.734999999999999,-0.0005155883562611053
9.764999999999999,0.001202198493737561
9.795,0.003382129332098426
9.824999999999999,0.005982303943300537
9.854999999999999,0.008929237455357356
9.885,0.01212288168776093
9.914999999999999,0.0153926666919224
9.944999999999999,0.01852524064597376
9.975,0.02125176762539398
10.005,0.02327735651106743
10.035,0.02430731528580153
10.065,0.02409807234281863
10.095,0.02246591569009301
10.125,0.01938807677246723
10.155,0.01499304103992268
10.185,0.00956161727748155
10.215,0.003514062038864242
10.245,-0.00266659105539363
10.275,-0.008494588837833966
10.305,-0.01355391635074602
10.335,-0.01754008532496196
10.365,-0.02029750035347791
10.395,-0.02179454474152496
10.425,-0.02211407557754274
10.455,-0.02143264298574249
10.485,-0.01995737204202457
10.515,-0.01793239530951118
10.545,-0.01560090547457874
10.575,-0.01315019250147127
10.605,-0.01076948279763111
10.635,-0.008586584094380179
10.665,-0.00670160375176507
10.695,-0.005168589037027626
10.725,-0.003994741774035902
10.755,-0.003177230189624874
10.785,-0.002670679330915819
10.815,-0.002427982581149746
10.845,-0.002362793646131715
10.875,-0.002382591528108232
10.905,-0.002405698446065926
10.935,-0.002329739283584292
10.965,-0.002047878379702945
10.995,-0.001469243156145159
11.025,-0.0005178296512842109
11.055,0.0008746304398348271
11.085,0.002737924723285181
11.115,0.005087659545750524
11.145,0.007888441166262007
11.175,0.01107475032064472
11.205,0.01454096902231027
11.235,0.01815429889443626
11.265,0.02175326074507028
11.295,0.02517942956850153
11.325,0.02826276313133849
11.355,0.03084755312043091
11.385,0.03281040502874368
11.415,0.03405122107292601
11.445,0.03449179361202161
11.475,0.03411192859997665
11.505,0.03292947641069039
11.535,0.03099415649015484
11.565,0.02841080762503592
11.595,0.0253014753106607
11.625,0.02181397229737563
11.655,0.01811607466139152
11.685,0.01436327084553899
11.715,0.01069375140317587
11.745,0.007231023505082619
11.775,0.004081163841274226
11.805,0.001311020498755588
11.835,-0.001028873092287398
11.865,-0.002938083139607272
11.895,-0.004404256164585841
11.925,-0.005448234125139877
11.955,-0.006099792728653615
11.985,-0.006391873811288793
12.015,-0.006358038109549515
12.045,-0.00603588315282449
12.075,-0.005458580199162895
12.105,-0.004649814793947023
12.135,-0.003642100097077462
12.165,-0.002465700242096007
12.195,-0.001142525404442166
12.225,0.0003002073760635172
12.255,0.001817698239101175
12.285,0.003366383692789316
12.315,0.004897165957745943
12.345,0.006321521883846539
12.375,0.007567773876956141
12.405,0.008547585469962324
12.435,0.00918441640770803
12.465,0.00939456430821455
12.495,0.009131551263833805
12.525,0.008379345603103357
12.555,0.007148095955953814
12.585,0.005499561747533925
12.615,0.003546877630657709
12.645,0.001417759913661814
12.675,-0.0007502604905758305
12.705,-0.002812928635481721
12.735,-0.004646174458778195
12.765,-0.00616266476707956
12.795,-0.007291846743657165
12.825,-0.008015503966003191
12.855,-0.008333038191009026
12.885,-0.008285190217694749
12.915,-0.00791754858296885
12.945,-0.00730259780932552
12.975,-0.006500483393378113
13.005,-0.0055772267061638
13.035,-0.004600173632961295
13.065,-0.003610778571389525
13.095,-0.002664734716814016
13.125,-0.001770260552645626
13.155,-0.0009660973283154089
13.185,-0.0002476399958875645
13.215,0.0003773940967502237
13.245,0.0009109444766329191
13.275,0.001363588657889288
13.305,0.001741947748295686
13.335,0.002056799178023444
13.365,0.002313719757819532
13.395,0.002520690661262174
13.425,0.002659922503622302
13.455,0.002739515988943478
13.485,0.002747526040969657
13.515,0.002663668842277396
13.545,0.002472472150077549
13.575,0.002161731247976737
13.605,0.001729000522288161
13.635,0.001173282237005195
13.665,0.0005113116988332318
13.695,-0.0002230940695582197
13.725,-0.0009895877461714776
13.755,-0.001720485867113049
13.785,-0.002362152145143727
13.815,-0.002862463991701376
13.845,-0.003188973636197159
13.875,-0.003314508354952477
13.905,-0.003244953496215364
13.935,-0.003015696301907787
13.965,-0.002643267885423242
13.995,-0.00218580688739471
14.025,-0.001679917883516265
14.055,-0.001147653520123556
14.085,-0.0006387717062255091
14.115,-0.0001439208580504341
14.145,0.000315921159237681
14.175,0.0007592322708368214
14.205,0.001192510713519639
14.235,0.001628407328836948
14.265,0.00211120876813027
14.295,0.002641311333709174
14.325,0.003250867470009927
14.355,0.00395050714524223
14.385,0.004743233937304397
14.415,0.005635624926568263
14.445,0.006608795240894878
14.475,0.007635028741575548
14.505,0.008672013937951462
14.535,0.00964946712937253
14.565,0.01049370084158788
14.595,0.01110022707037962
14.625,0.01135271881713664
14.655,0.01111780213632809
14.685,0.01025032374376036
14.715,0.00857881770206427
14.745,0.005955378525069151
14.775,0.002219296323874656
14.805,-0.002776692877499354
14.835,-0.009138856087534487
14.865,-0.01694095676556631
14.895,-0.02621950513962052
14.925,-0.03692144788683266
14.955,-0.04892163296829508
14.985,-0.06198407902362902
15.015,-0.0757565096152969
15.045,-0.0897175253456316
15.075,-0.1031940615940633
15.105,-0.1153144266371236
15.135,-0.1249826203116635
15.165,-0.1309289381073142
15.195,-0.1316840398989254
15.225,-0.1256365352731088
15.255,-0.1111185330670527
15.285,-0.08649881135213627
15.315,-0.05037232251005515
15.345,-0.001755931790890217
15.375,0.05961635744938743
15.405,0.1330178245382451
15.435,0.216391286248618
15.465,0.3061744414362502
15.495,0.3972108845765823
15.525,0.4830408128878657
15.555,0.5564798051189164
15.585,0.6106418133396424
15.615,0.6400536519746144
15.645,0.641706704876308
15.675,0.615627726115398
15.705,0.5648307842717303
15.735,0.494645975555779
15.765,0.4117081689643345
15.795,0.3228450757878377
15.825,0.2342689613600429
15.855,0.1509662206540061
15.885,0.07652647543055756
15.915,0.01313108227622265
15.945,-0.03825882750823687
15.975,-0.07766206306160703
16.005,-0.1057889304719273
16.035,-0.1238254537958187
16.065,-0.1332022951838767
16.095,-0.1354516412457113
16.125,-0.1320833055330083
16.155,-0.1244808015744249
16.185,-0.1138836748049612
16.215,-0.1013218740506752
16.245,-0.08762298970645621
16.275,-0.07343055106584152
16.305,-0.05917626496064991
16.335,-0.04513912584968879
16.365,-0.03148207952196064
16.395,-0.01823012176906013
16.425,-0.005388844857316332
16.45499999999999,0.00706749939919437
16.485,0.01914372313494977
16.515,0.03074751206288534
16.545,0.0416729441372552
16.575,0.05154998825782734
16.605,0.05983499611615026
16.635,0.06582899759966679
16.665,0.06873891943382637
16.695,0.06783929213870887
16.725,0.06261144601467558
16.755,0.05295426489990757
16.785,0.03932743089355555
16.815,0.02276516398525957
16.845,0.004763465111819571
16.875,-0.01296686995648227
16.905,-0.02882247257029959
16.935,-0.04153454381784873
16.965,-0.05037384802052403
16.995,-0.05514767803458261
17.025,-0.05614269424415956
17.055,-0.05394195709985678
17.085,-0.04932825603691982
17.115,-0.04308589292527882
17.145,-0.03595470882263269
17.175,-0.02855721191502849
17.205,-0.02137300708583783
17.235,-0.01474851559156324
17.265,-0.008895295033941295
17.295,-0.003926668057879598
17.325,0.0001334650868413717
17.355,0.00331667478374017
17.385,0.005709343127447019
17.415,0.007409117999466103
17.445,0.008537904257593095
17.475,0.00922397937248063
17.505,0.009577919427019002
17.535,0.009709334275271
17.565,0.00969380065658162
17.595,0.009593479100488267
17.625,0.009445790987196204
17.655,0.009250942700048703
17.685,0.008980670641982607
17.715,0.008577784483830167
17.745,0.007958326504156848
17.775,0.007034233473542459
17.805,0.00569542209726025
17.835,0.003883614866288742
17.865,0.001597367176438817
17.895,-0.001089022687352209
17.925,-0.003996079983937064
17.955,-0.006836570134427703
17.985,-0.009290443609628059
18.015,-0.01105448600712304
18.045,-0.01188950100981193
18.075,-0.01172002460383908
18.105,-0.01060237557324012
18.135,-0.008728894247468989
18.165,-0.006391946504165694
18.195,-0.003879954931967971
18.225,-0.0014558822310315
18.255,0.0006684310055436497
18.285,0.002382496766953363
18.315,0.003638417711936182
18.345,0.004436809779550609
18.375,0.004828071547176186
18.405,0.004880121026854479
18.435,0.004673630272878019
18.465,0.004281887586517931
18.495,0.003777206794656352
18.525,0.003215692733614008
18.555,0.00264916824434454
18.585,0.002114442044857141
18.615,0.001630152197823299
18.645,0.001225597096774568
18.675,0.0008970892883415309
18.705,0.0006502268464013305
18.735,0.0004776714404778389
18.765,0.0003755304694613331
18.795,0.0003198311098287113
18.825,0.0002967594249587753
18.855,0.0002840515377139083
18.885,0.0002499287468962851
18.915,0.0001918467730266102
18.945,7.833369584262869e-05
18.975,-9.792712118403754e-05
19.005,-0.0003287280076711942
19.035,-0.0005914436920918757
19.065,-0.0008559914740745187
19.095,-0.001060408670740459
19.125,-0.00116575497744997
19.155,-0.001121671413629681
19.185,-0.0009149418488192898
19.215,-0.0005585770981162805
19.245,-0.0001108884734004447
19.275,0.0003620079767466323
19.305,0.0007925706505858107
19.335,0.001108596192160535
19.365,0.001270270607672178
19.395,0.001283856220847587
19.425,0.001152852132437719
19.455,0.0009212626651668985
19.485,0.000618528285672894
19.515,0.0003113012000455562
19.545,6.819344657610013e-06
19.575,-0.000254817075961554
19.605,-0.0004672307190387162
19.635,-0.0006179928005134179
19.665,-0.0007087793701289215
19.695,-0.0007543545991203907
19.725,-0.0007416856173245747
19.755,-0.0007007216479158483
19.785,-0.0006214867271923597
19.815,-0.000531452914481611
19.845,-0.0004294760052096174
19.875,-0.0003180721943576983
19.905,-0.0002067644148339003
19.935,-0.0001001590123438842
19.965,-1.563127326391199e-06
19.995,8.028855669054205e-05
20.025,0.0001552711690515346
20.055,0.0002042803302864402
20.085,0.0002434629406902053
20.115,0.0002606309412294202
20.145,0.0002703775495687294
20.175,0.0002761217814688138
20.205,0.0002745842375805277
20.235,0.0002937222825753769
20.265,0.0003300675781779706
20.295,0.0003942748335971332
20.325,0.0004801980084669224
20.355,0.0005874519668517069
20.385,0.0006957306394294793
20.415,0.000794369456941828
20.445,0.0008696616069073222
20.475,0.000902552017185864
20.505,0.0009001965484636547
20.535,0.0008637286831530138
20.565,0.0007941821454431387
20.595,0.0007116000191463968
20.625,0.0006198392741684004
20.655,0.0005150540214792635
20.685,0.0003999569980998462
20.715,0.0002685406343428882
20.745,0.0001286929631875737
20.775,-3.326627525334411e-05
20.805,-0.0001929495529209559
20.835,-0.0003586511584365084
20.865,-0.0004968316027801122
20.895,-0.0005806706527161144
20.925,-0.0006012451226562878
20.955,-0.0005300769244216877
20.985,-0.0003830620512231182
21.015,-0.0001693102684059222
21.045,8.943572576750687e-05
21.075,0.0003526964504648251
21.105,0.0005960096899780797
21.135,0.0007783274159732779
21.165,0.000892015129510776
21.195,0.00091750379188156
21.225,0.0008763901234039029
21.255,0.0007653507192138216
21.285,0.0006123357737280482
21.315,0.0004331023967967947
21.345,0.0002556347121684774
21.375,8.403282497902315e-05
21.405,-5.612636170751773e-05
21.435,-0.0001669890098852397
21.465,-0.0002372172380292515
21.495,-0.0002643612989934624
21.525,-0.0002529608773269795
21.555,-0.0002013826782794768
21.585,-0.0001203350515550693
21.615,8.24493313644799e-06
21.645,0.0001715267024297023
21.675,0.0003786791545166774
21.705,0.0006263522081809143
21.735,0.0009180449521359804
21.765,0.001236954596133266
21.795,0.001583473348210052
21.825,0.001924778356550635
21.855,0.002243587168948435
21.885,0.002497534258640742
21.915,0.002652351174414772
21.945,0.002662813995276229
21.975,0.00249659332323241
22.005,0.002119020382401398
22.035,0.001508453386627516
22.065,0.0006831440609757737
22.095,-0.0003280896092474682
22.125,-0.001434624819566169
22.155,-0.002559728286795037
22.185,-0.003581100531653318
22.215,-0.004393194615086292
22.245,-0.00490095988826211
22.275,-0.005059645118318255
22.305,-0.004859852712806277
22.335,-0.004335063238310354
22.365,-0.003568584939483103
22.395,-0.002640071784013661
22.425,-0.001647744364854105
22.455,-0.0006968465909194352
22.485,0.0001535764295248088
22.515,0.0008490765768428036
22.545,0.001362784176461031
22.575,0.001675679601628271
22.605,0.00180995952600962
22.635,0.001785085357200455
22.665,0.0016139645994219
22.695,0.001350771480293378
22.725,0.001023845276273725
22.755,0.000663975456522757
22.785,0.0003208275642579635
22.815,1.825265813526813e-05
22.845,-0.0002115512578612228
22.875,-0.0003425519124167581
22.905,-0.0003453463885934207
22.935,-0.0002098926283914709
22.965,8.035942720189672e-05
22.995,0.0005311260943646886
23.025,0.001141731205221438
23.055,0.001892065783096623
23.085,0.002770414871242557
23.115,0.003740811023356576
23.145,0.004748284040703526
23.175,0.005738293408472714
23.205,0.006639017525874908
23.235,0.007366927208712625
23.265,0.007855604824084849
23.295,0.008022010539620612
23.325,0.007827181762748377
23.355,0.00723855152081629
23.385,0.006256839393055285
23.415,0.0049313232057646
23.445,0.003323676483814505
23.475,0.001542478235423823
23.505,-0.00029670797944455
23.535,-0.002086153631204871
23.565,-0.003713400042781322
23.595,-0.005100164063082672
23.625,-0.006176017326630307
23.655,-0.006923753801631672
23.685,-0.007330698963051684
23.715,-0.007421249327752597
23.745,-0.007235033145682551
23.775,-0.006819394005426889
23.805,-0.006247605126656219
23.835,-0.005555444279643667
23.865,-0.004819168970077594
23.895,-0.004064739181783386
23.925,-0.003341946450664806
23.955,-0.002674559506780364
23.985,-0.002077053911542242
24.015,-0.001558852918708568
24.045,-0.001119007375057165
24.075,-0.0007489591016151646
24.105,-0.0004248433374312089
24.135,-0.0001376697266611191
24.165,0.0001364223600556015
24.195,0.0004193540441572613
24.225,0.0007222378423785055
24.255,0.001071279862211485
24.285,0.0014728384627931
24.315,0.001926281805092756
24.345,0.00243604639425167
24.375,0.002989616265873002
24.405,0.003568218067676098
24.435,0.00415010222549529
24.465,0.004712298719465863
24.495,0.005239820709541648
24.525,0.005710754745313145
24.555,0.006121763376108285
24.585,0.006468902634969094
24.615,0.006750656804807243
24.645,0.006965735465307878
24.675,0.007120286699260677
24.705,0.007204732887970195
24.735,0.007223017563556881
24.765,0.007152741999963495
24.795,0.006985535601870925
24.825,0.006719584642532307
24.855,0.00634965884982434
24.885,0.005878784023578527
24.915,0.005317117808934474
24.945,0.004685466698230018
24.975,0.004004297661141047
25.005,0.003300271399019692
25.035,0.002591996872227579
25.065,0.001911885016306042
25.095,0.001271859230521181
25.125,0.0006969458312524165
25.155,0.0001988914831348202
25.185,-0.0002145022171408598
25.215,-0.0005353343284091568
25.245,-0.0007550643696316943
25.275,-0.0008859589386719297
25.305,-0.0009222052483426982
25.335,-0.0008716788841472713
25.365,-0.0007370442433901417
25.395,-0.0005219174343967833
25.425,-0.0002529458124490006
25.455,6.9079023059636e-05
25.485,0.0004368240441563131
25.515,0.0008227947973009287
25.545,0.001207882080889849
25.575,0.001578953770777532
25.605,0.001912186007697634
25.635,0.002176856431739768
25.665,0.002371945438297436
25.695,0.002475416761392186
25.725,0.00247421150241174
25.755,0.002368499539136219
25.785,0.002157681403155792
25.815,0.001853718277230021
25.845,0.001462997289088187
25.875,0.00101238822636543
25.905,0.0005154962376885784
25.935,-1.804422464981356e-06
25.965,-0.0005099945363100549
25.995,-0.0009884994133256423
26.025,-0.001409336939552031
26.055,-0.001757961705068748
26.085,-0.002014652686325632
26.115,-0.002185427195014843
26.145,-0.002249777344949667
26.175,-0.002220857550273387
26.205,-0.002107481797770382
26.235,-0.001918730623345266
26.265,-0.001668903342032688
26.295,-0.001375775587196493
26.325,-0.001049140140906121
26.355,-0.0007102813811508985
26.385,-0.0003695383212472019
26.415,-3.493838920407551e-05
26.445,0.0002724934911872892
26.475,0.0005508058383719501
26.505,0.0007828273268542011
26.535,0.0009622609902519547
26.565,0.001083307780481722
26.595,0.00112314316294126
26.625,0.001079718696457093
26.655,0.0009389567470770731
26.685,0.000700374940461532
26.715,0.0003391707142665632
26.745,-0.000148039804070643
26.775,-0.0007595774798047031
26.805,-0.001503125490515766
26.835,-0.002363033296634938
26.865,-0.003325324035593543
26.895,-0.004358547832840758
26.925,-0.005424814041033005
26.955,-0.006456888942258177
26.985,-0.007395349885402532
27.015,-0.008154221297676564
27.045,-0.008629946100185366
27.075,-0.008723369509471137
27.105,-0.008321564520926224
27.135,-0.007310067296005985
27.165,-0.005577247305136391
27.195,-0.003028466018087633
27.225,0.0004232500255395881
27.255,0.004797101655092122
27.285,0.0100976213066942
27.315,0.01623219864404631
27.345,0.02302115674950591
27.375,0.03016510902247138
27.405,0.03722284095883845
27.435,0.04361906636812223
27.465,0.04867243356116296
27.495,0.05163274367209186
27.525,0.05180287876100991
27.555,0.04867703633597153
27.585,0.04205012172566289
27.61499999999999,0.03214696907736612
27.645,0.01967620212327982
27.675,0.00570666423472465
27.705,-0.008443983617667931
27.735,-0.0214809124602447
27.765,-0.03231914972697124
27.795,-0.04024176931977992
27.825,-0.04494440638148481
27.855,-0.04653719101532589
27.885,-0.04544489764118428
27.915,-0.04224052343644525
27.945,-0.03760260150198073
27.975,-0.03219639563984369
28.005,-0.02660912720916947
28.035,-0.02132806099486281
28.065,-0.0167225184423655
28.095,-0.01304143308751961
28.125,-0.01043408716445432
28.155,-0.008947364275566387
28.185,-0.008565859888886491
28.215,-0.009187343979662534
28.245,-0.01066318497092586
28.275,-0.01279948494895178
28.305,-0.01534801760738043
28.335,-0.0180272234845254
28.365,-0.02051015255933833
28.395,-0.022444655008175
28.425,-0.02345364114940349
28.455,-0.02312565827382143
28.485,-0.02106407433769745
28.515,-0.01688036837491954
28.545,-0.01025602566293364
28.575,-0.0009521142829800085
28.605,0.0111399999413352
28.635,0.02592693576835101
28.665,0.0430950679314521
28.695,0.06205671215370716
28.725,0.08197582245328476
28.755,0.1017344489931744
28.785,0.1200702492163919
28.815,0.1356516338536382
28.845,0.1472712403480991
28.875,0.153982583339042
28.905,0.1552843969233419
28.935,0.1511194739564665
28.965,0.1419412448972731
28.995,0.1285476562455884
29.025,0.1120165756925267
29.055,0.09351086488820984
29.085,0.07418885582381574
29.11499999999999,0.05508549624099049
29.14499999999999,0.03705413293066738
29.175,0.02073055262142786
29.205,0.006541287552931068
29.235,-0.005295981482743174
29.265,-0.01472422059033106
29.295,-0.02182050271758348
29.325,-0.02676334349857953
29.355,-0.02979156276942342
29.385,-0.03116611440443888
29.415,-0.03116568895237818
29.445,-0.03004146427463915
29.47499999999999,-0.02803521471120159
29.505,-0.02533291016514549
29.535,-0.02210025884506483
29.565,-0.01844617167690707
29.595,-0.01446926131577941
29.625,-0.01020660594089198
29.655,-0.005714230594730088
29.685,-0.001012557951160968
29.715,0.003838062515679717
29.745,0.008764996977100972
29.775,0.0136580478785977
29.80499999999999,0.01834568609065168
29.835,0.02259939956253156
29.865,0.02614230035144974
29.895,0.02862704414055682
29.925,0.02975409447609442
29.955,0.02923537003910642
29.985,0.02691703911015989
30.015,0.02280826564356748
30.045,0.01712713004732028
30.075,0.01027726248831583
30.105,0.002827598567479824
30.13499999999999,-0.004614710698421143
30.16499999999999,-0.01144112742257043
30.195,-0.01719942203068537
30.225,-0.0215330435424516
30.255,-0.02433580320264411
30.285,-0.02561650529903437
30.315,-0.02551340680717138
30.345,-0.02426388300389255
30.375,-0.02213096946096663
30.405,-0.0193948728036086
30.435,-0.01632048715370209
30.465,-0.01314009628118124
30.49499999999999,-0.01002039609788427
30.525,-0.007106189927710926
30.555,-0.004488683971701824
30.585,-0.002204978256829669
30.615,-0.0002880293943242406
30.645,0.001282861671350556
30.675,0.002535957242448456
30.705,0.003500409308475181
30.735,0.004239137269051728
30.765,0.004795151562912517
30.79499999999999,0.005202995385049161
30.825,0.005505452491412014
30.85499999999999,0.005721483303394953
30.885,0.005858927330855432
30.915,0.005918788318443806
30.945,0.005869968120454058
30.975,0.005679906773398889
31.005,0.005291797146320499
31.035,0.004662697785322371
31.065,0.003745231736629171
31.095,0.0025226755970872
31.125,0.001010789406858567
31.15499999999999,-0.0007175157902175139
31.185,-0.0025347917475681
31.215,-0.004284315500362365
31.245,-0.005782428375587901
31.275,-0.006862813594415868
31.305,-0.007419888134782378
31.335,-0.007397669267284406
31.365,-0.006835297756810486
31.395,-0.005822697166152689
31.425,-0.004510419801667699
31.45499999999999,-0.00304246611272176
31.485,-0.001563103181109873
31.51499999999999,-0.0001981762527969231
31.545,0.0009751513881651756
31.575,0.001912496851507576
31.605,0.002587724538471075
31.635,0.003012045180061157
31.665,0.003211562128320328
31.695,0.003224757080634041
31.725,0.003085207417406746
31.755,0.002846973977683903
31.785,0.002540555952002671
31.81499999999999,0.002207107987413857
31.845,0.001866092769448557
31.87499999999999,0.001544319816902335
31.90499999999999,0.001255975585675775
31.935,0.001007713118152057
31.965,0.0008052255022093982
31.995,0.000637918058559151
32.025,0.0005121951446950169
32.055,0.0004090318374847278
32.085,0.0003148636013202555
32.11499999999999,0.0002240468263396387
32.145,0.0001095007548325628
32.175,-3.434063407053777e-05
32.20499999999999,-0.0002107266309894526
32.23499999999999,-0.0004231364177386086
32.26499999999999,-0.0006692891492621497
32.295,-0.0009122281267040787
32.325,-0.001129224503259156
32.355,-0.001279418985434859
32.385,-0.001319366595357821
32.415,-0.001239548222781872
32.445,-0.001017531454891256
32.47499999999999,-0.0006829318946954193
32.505,-0.0002669083901971172
32.535,0.0001644138020725337
32.56499999999999,0.0005707399027520596
32.59499999999999,0.000893279897050827
32.62500000000001,0.00111436425948015
32.655,0.001211107682590612
32.685,0.001196024319293048
32.715,0.001088204479618951
32.745,0.0009076375943904115
32.775,0.0006853700566875684
32.805,0.0004556418662935938
32.83499999999999,0.0002386386080086388
32.86499999999999,4.329646711069408e-05
32.895,-0.0001061475894071329
32.92499999999999,-0.0002040090351079374
32.95500000000001,-0.0002590929543216724
32.985,-0.0002732652792818137
33.015,-0.0002548463500772366
33.045,-0.0002143906719618472
33.075,-0.0001652009575188127
33.105,-0.0001210465054593216
33.135,-8.529644035973158e-05
33.165,-4.998802656939085e-05
33.19499999999999,-2.516801957579849e-05
33.22499999999999,-2.406369574035989e-05
33.255,-2.251579053769497e-05
33.28499999999999,-2.827930695689115e-05
33.315,-3.994022621755809e-05
33.345,-5.688196250329857e-05
