time_ps,trace
2.654999999999999,3.023036099177034e-06
2.685,1.729756620594963e-06
2.715,9.255546166569983e-07
2.744999999999999,-3.292385629197203e-07
2.774999999999999,1.150357483912373e-06
2.804999999999999,-3.056250482302847e-06
2.835,1.623082607284804e-06
2.865,-2.743955192809761e-06
2.894999999999999,-5.699307020967312e-07
2.924999999999999,-2.826767140842647e-06
2.955,-1.448901189662205e-06
2.984999999999999,-4.862651905255047e-06
3.015,-2.870136923696642e-06
3.044999999999999,-3.579697361161954e-06
3.074999999999999,1.746129017089065e-06
3.105,-2.294977011201016e-06
3.134999999999999,4.730088616636263e-06
3.165,-9.112713962172725e-06
3.194999999999999,3.52987044829195e-06
3.225,4.523501031923616e-06
3.254999999999999,1.836842170296893e-06
3.284999999999999,-1.98684493398632e-06
3.315,-4.886493327665997e-06
3.345,-4.939827386349349e-06
3.375,2.224310770834736e-06
3.404999999999999,-2.568184153811659e-07
3.435,-2.413278841775779e-06
3.464999999999999,1.012053844520744e-06
3.495,-1.972137611133684e-07
3.524999999999999,-1.685623405939252e-06
3.554999999999999,5.30969288980998e-06
3.585,-8.46742321897187e-07
3.614999999999999,-1.601109231030851e-07
3.644999999999999,-2.757646426529425e-06
3.674999999999999,-5.347544487777078e-07
3.704999999999999,3.569771202402428e-06
3.734999999999999,5.410049741944034e-07
3.764999999999999,1.117289300300861e-06
3.795,-5.075821961353366e-07
3.825,3.630374154295346e-06
3.854999999999999,4.877407915403198e-06
3.885,-6.011600410839313e-07
3.915,2.600550734629947e-06
3.944999999999999,5.263084751013641e-06
3.975,8.866026941500849e-07
4.004999999999999,2.438431339093355e-06
4.034999999999999,-1.497905373307618e-06
4.065,-2.098081090360629e-06
4.095,-2.2655902943685e-06
4.124999999999999,5.254697844554387e-06
4.154999999999999,4.041565768234112e-07
4.185,5.693218579081241e-06
4.214999999999999,-2.452328445650895e-06
4.244999999999999,-2.703179512696108e-07
4.274999999999999,-4.659737200348249e-06
4.304999999999999,5.178918086139878e-06
4.335,-2.716597606942928e-06
4.364999999999999,-3.399428751722777e-07
4.395,-4.896714968435911e-07
4.425,1.06905412667474e-06
4.454999999999999,6.553130245043337e-07
4.484999999999999,2.326049934085056e-06
4.515,-1.661958580985445e-06
4.544999999999999,3.431619646027118e-06
4.574999999999999,3.504758078171077e-06
4.605,2.167990362435257e-06
4.635,-3.137228690060223e-06
4.664999999999999,6.879610057464181e-07
4.694999999999999,8.361195156583734e-07
4.725,-2.889208369126484e-06
4.754999999999999,-1.190486724471362e-06
4.784999999999999,6.027789836646202e-07
4.815,-1.273860582393094e-06
4.844999999999999,2.89824615348766e-07
4.874999999999999,1.579635281842573e-06
4.904999999999999,6.899073661498223e-06
4.935,3.302980280298073e-06
4.964999999999999,-3.172252461713931e-06
4.994999999999999,5.543590283832445e-06
5.024999999999999,-6.247072134174525e-07
5.054999999999999,-6.287186173625781e-07
5.084999999999999,5.496880620528555e-06
5.115,5.633238324601053e-06
5.144999999999999,-2.549425701756092e-06
5.174999999999999,4.142655517097582e-07
5.205,4.498231367028316e-06
5.234999999999999,-3.092036852947455e-08
5.264999999999999,-2.924184671744545e-06
5.295,1.497518662949004e-06
5.324999999999999,-1.592801544197248e-06
5.354999999999999,1.500023894537156e-06
5.385,2.210229270025593e-06
5.415,1.388330007514108e-06
5.444999999999999,5.230588751974422e-06
5.474999999999999,-2.890095458204026e-06
5.505,3.156606712625271e-06
5.534999999999999,2.416012784596175e-06
5.564999999999999,2.061455193045833e-06
5.595,-2.714610738062569e-06
5.624999999999999,-2.209159962544491e-06
5.654999999999998,-4.678347183232831e-06
5.685,4.41855862891305e-07
5.715,9.015031472887902e-07
5.744999999999999,-1.119370257585822e-06
5.774999999999999,-6.762380658748013e-06
5.805,-7.035639466163035e-07
5.834999999999999,-3.1644234504552e-06
5.864999999999999,-1.507259529340277e-07
5.895,3.166158500489402e-06
5.925,-9.773802904303186e-07
5.954999999999999,-4.223976397703388e-06
5.984999999999999,-7.647446210248821e-07
6.015,-4.782813357938343e-06
6.044999999999999,-1.263652251240477e-07
6.074999999999999,-2.633091157347445e-06
6.105,2.537890275516874e-06
6.134999999999999,2.941053224875256e-06
6.164999999999999,-2.459290031578409e-06
6.194999999999999,5.675481913602898e-08
6.225,-6.320569024234612e-06
6.255,1.767753406836658e-06
6.284999999999999,2.033813596202805e-06
6.315,-2.042067273333448e-06
6.345,7.646206601583105e-06
6.374999999999999,-1.434837920866183e-06
6.404999999999999,4.308885873660628e-07
6.434999999999999,5.041303271946518e-06
6.465,-2.271094471276158e-06
6.494999999999999,9.301158412355903e-07
6.524999999999999,-5.688529963451816e-06
6.555,-2.033123543271342e-07
6.584999999999999,-1.059139712461521e-06
6.614999999999999,-1.688912504710371e-07
6.645,-6.045877615261375e-06
6.674999999999999,2.025852218173751e-06
6.704999999999999,-2.510744360653683e-06
6.734999999999999,-5.986911314273535e-07
6.765,-2.829263181479413e-06
6.794999999999999,1.031320812451553e-06
6.824999999999999,-3.262540907104233e-06
6.855,8.142663886819695e-06
6.884999999999999,8.315445478718209e-07
6.914999999999999,-2.017097218899588e-06
6.944999999999999,1.221561038097091e-06
6.974999999999999,-3.394340591655887e-06
7.004999999999999,1.019528484743487e-06
7.034999999999999,1.989321877608752e-07
7.065,1.129987099661445e-06
7.094999999999999,-3.379855097164486e-06
7.125,-1.090724137675636e-07
7.154999999999999,-5.511917836320546e-07
7.184999999999999,-2.794621783791529e-06
7.215,-3.319848203897635e-06
7.244999999999999,2.502388848656112e-06
7.274999999999999,-1.20284971443646e-06
7.304999999999999,-1.811990769325089e-06
7.335,-2.323469926769628e-06
7.364999999999998,-5.744651249008081e-06
7.394999999999999,-7.856424415614294e-07
7.425,-3.936541034893493e-06
7.454999999999998,-4.736142971764612e-06
7.484999999999999,-2.674701988239492e-06
7.515,3.200479419041002e-06
7.544999999999998,3.030372196025088e-06
7.575,9.179756845500986e-07
7.605,-4.214365927554531e-06
7.634999999999998,1.058358220021316e-06
7.665,7.891414573191202e-07
7.694999999999999,-3.179381731638342e-07
7.725,-9.993589532852898e-07
7.755,-2.732438052113761e-06
7.784999999999999,1.58979251586866e-06
7.815,7.172014088174805e-07
7.845,7.432960046627191e-07
7.874999999999998,2.270042780874726e-06
7.904999999999999,4.069430112260686e-06
7.935,8.806659642299208e-07
7.964999999999998,-1.363341294358111e-06
7.994999999999999,8.966672823379485e-06
8.024999999999999,7.828369752028996e-06
8.054999999999998,-2.245199468633996e-06
8.085000000000001,-2.71017798754436e-06
8.114999999999998,-3.528691347523538e-06
8.144999999999998,1.411032059459028e-06
8.175000000000001,-1.357357123671354e-06
8.204999999999998,2.002368456391346e-06
8.234999999999999,-9.85328731550883e-07
8.265000000000001,3.065209508851252e-07
8.294999999999998,-1.047453825203659e-06
8.324999999999999,2.439018610217447e-06
8.355,3.488897224651621e-06
8.384999999999998,4.170110415313566e-06
8.414999999999999,-1.073522063882448e-06
8.445,-1.431814153435296e-06
8.474999999999998,-3.560809702429779e-06
8.504999999999999,4.255750153892013e-06
8.535,-5.256660479624475e-06
8.564999999999998,-6.31024455421958e-06
8.594999999999999,1.430056681073211e-06
8.625,-1.391159516694884e-06
8.654999999999998,-1.518684306145435e-06
8.685,-8.967586465624677e-07
8.715,4.078545597294148e-07
8.744999999999997,2.398435408057509e-07
8.775,6.939272444439482e-07
8.805,3.460733847382436e-06
8.834999999999999,7.022359183039839e-07
8.865,4.275177363011196e-06
8.895,5.507610158272946e-06
8.924999999999999,7.934517712859801e-07
8.955,3.320934136241682e-06
8.984999999999999,-4.109823484865771e-06
9.014999999999999,1.200926783462286e-06
9.045,-4.057345338370766e-06
9.074999999999998,9.308636500504619e-07
9.104999999999999,1.025227430950792e-06
9.135,1.310930501541296e-06
9.164999999999997,-1.741599263027638e-06
9.195,-9.06733786887326e-07
9.225,8.247976496650322e-07
9.254999999999997,1.539317930017436e-06
9.285,6.816083653604643e-07
9.315,2.459799872345236e-06
9.344999999999999,2.067562293206482e-06
9.375,1.148840315573496e-06
9.404999999999999,2.04739537712495e-06
9.434999999999999,-1.708720710730249e-06
9.465,-3.474116689605733e-07
9.494999999999999,4.702895781971694e-07
9.524999999999999,-2.531424923693515e-06
9.555,2.905346869502834e-06
9.584999999999999,-1.975597169898147e-06
9.614999999999998,-1.664851859081717e-07
9.645,-1.847600419033202e-06
9.674999999999999,3.283847330951689e-06
9.704999999999998,-5.035700319559744e-06
9.734999999999999,-4.501178793954105e-07
9.764999999999999,-3.401170675192827e-06
9.795,-4.554779303878737e-07
9.824999999999999,-1.089924416209503e-06
9.854999999999999,2.802761820352995e-06
9.885,1.908303932471322e-06
9.914999999999999,-3.769049787126499e-06
9.944999999999999,9.321823493391168e-07
9.975,-2.954069231127232e-06
10.005,-2.715680323651937e-06
10.035,2.445295841591033e-06
10.065,3.246368586520831e-06
10.095,4.410443166513733e-07
10.125,-1.274348994204089e-06
10.155,-1.377001793443321e-06
10.185,3.480328762683893e-06
10.215,3.534020500822743e-07
10.245,-2.455789909122652e-06
10.275,2.733672658905562e-06
10.305,-1.057815017274644e-06
10.335,-2.139668997536148e-09
10.365,6.643752623325394e-06
10.395,-4.045872887326052e-06
10.425,-3.852494007861029e-06
10.455,3.937504625628474e-06
10.485,3.638697444879879e-06
10.515,-5.443706271868187e-08
10.545,5.826048530749306e-06
10.575,1.154131335986963e-06
10.605,-5.599445835891004e-07
10.635,-4.498391079171132e-06
10.665,3.750547164029644e-06
10.695,-2.492321565919497e-06
10.725,1.383059264115083e-06
10.755,2.889904695255185e-06
10.785,2.695846663097745e-06
10.815,-1.286111234510834e-06
10.845,4.889336492619467e-06
10.875,1.615745292893322e-06
10.905,1.427138561743702e-06
10.935,4.744851462012978e-07
10.965,-3.718589700801855e-06
10.995,-1.801857527905515e-07
11.025,-1.656259813992422e-06
11.055,4.555148183649216e-07
11.085,-4.210830638534668e-06
11.115,4.756633407612676e-06
11.145,-2.038518074801154e-06
11.175,-2.957888526194941e-07
11.205,-3.855975579732107e-06
11.235,9.559451455212753e-07
11.265,9.28359576019e-08
11.295,-3.76210035361868e-06
11.325,6.929809007044652e-07
11.355,-1.472361560728164e-07
11.385,1.596560722280649e-06
11.415,-8.537995955688882e-07
11.445,-7.406570883394109e-07
11.475,8.124846606009234e-08
11.505,-3.913537314142318e-06
11.535,-1.882237090286565e-07
11.565,2.769551185353991e-06
11.595,2.83302391662632e-06
11.625,-1.479992991590406e-06
11.655,6.269444533801849e-07
11.685,-6.447365751810485e-06
11.715,-1.112074677928065e-06
11.745,1.934537307735074e-06
11.775,-5.408988786037572e-07
11.805,-2.998700723844117e-08
11.835,2.796139702859746e-06
11.865,-1.616232620127445e-06
11.895,-1.939538782066985e-06
11.925,1.030496629708666e-06
11.955,-2.350425853739346e-07
11.985,-1.937178424817054e-06
12.015,-1.738814918793297e-06
12.045,7.334023541770429e-07
12.075,-1.976587103158511e-07
12.105,4.451327004478117e-06
12.135,7.719599241153008e-06
12.165,-1.050843873515173e-06
12.195,-1.549194330726852e-07
12.225,2.259170480961928e-06
12.255,-1.150683460623275e-06
12.285,3.070010207231744e-06
12.315,4.747028378715434e-08
12.345,3.25173704797399e-06
12.375,-1.905179726063855e-06
12.405,-1.777135062067114e-06
12.435,6.378667770368107e-07
12.465,4.504493498855289e-06
12.495,-3.014777924012502e-06
12.525,-8.583736330475267e-07
12.555,1.230925210912726e-06
12.585,8.495689812065832e-07
12.615,-1.644981757975561e-06
12.645,-3.348968935876218e-06
12.675,3.371809307775586e-06
12.705,-9.279394055788925e-07
12.735,5.44774635111156e-07
12.765,5.746713644214085e-06
12.795,4.148758714642153e-06
12.825,-3.543309155071284e-06
12.855,9.876530291039187e-07
12.885,-1.818123572715213e-06
12.915,-2.860175904267209e-06
12.945,6.323847056044149e-06
12.975,-9.550745361675689e-07
13.005,-2.718648678300822e-06
13.035,-1.149324769342264e-06
13.065,-2.243254134531858e-07
13.095,8.310334010108722e-07
13.125,-1.535905726601783e-06
13.155,2.13972264048734e-06
13.185,-3.792072173769423e-06
13.215,-4.018977028535931e-06
13.245,4.366074279685273e-06
13.275,2.158174969763005e-06
13.305,1.645037781314307e-06
13.335,-1.627409012119885e-06
13.365,-2.571200159645626e-06
13.395,-6.612707280834185e-06
13.425,3.081038206374093e-06
13.455,-4.704160400982333e-06
13.485,1.598216639048938e-07
13.515,-2.165685801351624e-06
13.545,2.944773800674094e-06
13.575,1.685038057044896e-06
13.605,3.325791920173737e-06
13.635,-3.05192310796204e-06
13.665,1.432555322998519e-06
13.695,1.809202916022712e-06
13.725,3.582019260492311e-07
13.755,-2.055434397595091e-06
13.785,-3.638788858610631e-06
13.815,1.319539524119451e-06
13.845,4.90166927231972e-06
13.875,-3.193784820124113e-06
13.905,1.243808400094859e-06
13.935,-7.219522195039962e-06
13.965,8.69519065305191e-07
13.995,4.794830558041419e-06
14.025,6.026547266418936e-06
14.055,4.361876179109769e-06
14.085,-2.732038595729125e-06
14.115,-8.27670800646052e-07
14.145,-2.706643977140599e-07
14.175,1.623140274464863e-06
14.205,3.41537474869702e-06
14.235,-1.972777498041034e-06
14.265,-2.440258096245151e-06
14.295,2.159579055499572e-06
14.325,-1.991296228236183e-06
14.355,-3.028867338793206e-06
14.385,1.257557298165249e-06
14.415,1.612861306610897e-06
14.445,-3.852071468572749e-06
14.475,1.823056528009459e-06
14.505,-2.456864883010335e-06
14.535,8.423089005449302e-08
14.565,4.191218178767331e-07
14.595,1.984493663426123e-06
14.625,3.141312034687926e-06
14.655,-2.933553521086707e-06
14.685,-1.098140424093952e-06
14.715,1.208814991021656e-07
14.745,2.758307404981952e-07
14.775,-3.402646726713421e-06
14.805,3.303931706749585e-06
14.835,4.373769390378021e-06
14.865,3.170644881502621e-06
14.895,2.957917195259025e-06
14.925,-1.482659134450712e-06
14.955,-1.782078612533669e-06
14.985,1.787026801539776e-06
15.015,-2.749710142125467e-06
15.045,-1.461472527736901e-06
15.075,8.548681277135983e-07
15.105,-1.432897924599687e-07
15.135,2.404428954751181e-06
15.165,-2.076504813139368e-06
15.195,-3.008151945274595e-06
15.225,5.777186948566215e-06
15.255,7.023013200324613e-06
15.285,2.903767399073387e-06
15.315,2.777708918461075e-06
15.345,-2.100636381091592e-06
15.375,3.207642313540759e-06
15.405,1.07870680633726e-06
15.435,-4.424542581149549e-06
15.465,6.73526792435708e-06
15.495,1.173136757182114e-07
15.525,-5.184556561843578e-09
15.555,-4.060511041056869e-06
15.585,5.854375273381396e-06
15.615,-2.633121275567862e-06
15.645,-2.324481462381844e-07
15.675,-5.196182639236047e-07
15.705,1.906632638611072e-06
15.735,-1.775401697001917e-06
15.765,1.301056708098713e-07
15.795,-6.958265699741339e-10
15.825,4.47391061823843e-06
15.855,-1.413229115586334e-06
15.885,1.363743015507513e-06
15.915,4.376980295178745e-06
15.945,2.583137798085888e-06
15.975,1.230778898214657e-06
16.005,-1.401360670845453e-06
16.035,-1.551113131784132e-06
16.065,-1.130984136170354e-06
16.095,2.453947073211005e-06
16.125,2.722577185483577e-06
16.155,3.777213168087296e-06
16.185,4.563505208398516e-06
16.215,1.720682670531409e-06
16.245,-4.82561802980265e-06
16.275,-5.831240914265512e-07
16.305,-1.380124557876644e-06
16.335,-6.783653417975766e-06
16.365,2.846731118862425e-06
16.395,2.400395794728213e-07
16.425,-2.770583505697349e-06
16.45499999999999,6.580420590087885e-07
16.485,2.543888593020162e-06
16.515,2.528422820306016e-06
16.545,-1.644015249980396e-06
16.575,-4.814097312386134e-06
16.605,-3.917237629269543e-07
16.635,5.285556202078157e-06
16.665,-3.494036488582708e-06
16.695,-2.928078085689956e-07
16.725,-1.824129338023894e-06
16.755,2.774526710963565e-06
16.785,-1.72974368314871e-06
16.815,1.823182113364075e-06
16.845,2.074709965632637e-07
16.875,4.496263560499481e-07
16.905,7.627870076520882e-06
16.935,-2.948780957912067e-06
16.965,4.654842330018005e-06
16.995,5.307886541502937e-06
17.025,3.807326029031666e-07
17.055,4.368215920862173e-06
17.085,6.678671227888788e-06
17.115,1.507159427815985e-07
17.145,2.646685592246414e-06
17.175,-3.037725763198676e-07
17.205,-1.980906698804095e-06
17.235,7.820595681398701e-07
17.265,-2.593085539119577e-06
17.295,-2.803174612812931e-07
17.325,-6.013922179425729e-06
17.355,-4.454802994824369e-07
17.385,2.627583620531948e-06
17.415,-1.863642491092832e-07
17.445,-7.32205185587087e-07
17.475,-8.966271495720879e-07
17.505,1.504503842821026e-06
17.535,4.448553705748565e-06
17.565,1.773211033249955e-06
17.595,-5.751466005576161e-06
17.625,-7.094673410193951e-07
17.655,1.83086378289718e-06
17.685,-7.247199248827663e-06
17.715,-2.040523285760237e-06
17.745,-1.609073431094177e-08
17.775,-2.157253780811497e-06
17.805,-7.885388809098642e-06
17.835,3.895138200284837e-06
17.865,2.4499224429049e-06
17.895,-1.706515936977793e-06
17.925,-2.678043533887314e-06
17.955,-8.834259178733261e-06
17.985,-8.121395734250747e-07
18.015,4.791395454568914e-06
18.045,1.07711568486657e-06
18.075,3.153731041427577e-06
18.105,3.801270374970134e-06
18.135,2.071012699597641e-06
18.165,3.330320135636056e-06
18.195,6.155709789262831e-07
18.225,4.255541197262236e-06
18.255,3.380682141521096e-06
18.285,2.27000856346804e-06
18.315,2.44183799770481e-06
18.345,3.866875149666216e-06
18.375,6.3093532218228e-08
18.405,2.575088493883548e-06
18.435,-4.58763135544743e-06
18.465,-6.941340873964363e-07
18.495,-5.349211699062772e-06
18.525,1.533659772616491e-06
18.555,-5.965537614772282e-06
18.585,3.761599298405735e-06
18.615,-4.144677646444363e-06
18.645,-6.147127565268862e-07
18.675,3.283478270649405e-06
18.705,-1.772919171350723e-06
18.735,3.841422050746002e-06
18.765,5.235277352860432e-06
18.795,3.202013555938382e-06
18.825,-2.165672837135119e-06
18.855,3.816857480434116e-06
18.885,-1.992854161350296e-06
18.915,6.17738820592531e-06
18.945,-1.234565977908768e-06
18.975,-2.467600750803841e-06
19.005,1.695367894109616e-06
19.035,-1.055640279579162e-06
19.065,-3.051979042493352e-07
19.095,-5.012505915544252e-08
19.125,-3.046579299059715e-06
19.155,-2.799878993955257e-06
19.185,-1.888904704316907e-07
19.215,1.512800957989557e-06
19.245,-2.289338732183732e-06
19.275,-2.659355249561013e-06
19.305,4.684304011744189e-06
19.335,-3.509736454979095e-06
19.365,-2.739774175586351e-08
19.395,5.873870524156222e-06
19.425,2.770378663766171e-06
19.455,-7.153723073707874e-06
19.485,-1.595557115569024e-06
19.515,1.270144000115048e-06
19.545,-1.275584371046579e-06
19.575,6.547191386679918e-07
19.605,-4.738045689817172e-07
19.635,3.427307462319784e-06
19.665,-1.671603768793606e-06
19.695,3.470503365660127e-07
19.725,-2.55036147059351e-06
19.755,-3.132653741133584e-06
19.785,2.533096239737409e-06
19.815,-8.080876853083785e-07
19.845,-2.842627616059246e-06
19.875,1.601050775845714e-07
19.905,-7.072426436507961e-07
19.935,-3.925818485989163e-07
19.965,3.26521083079262e-06
19.995,-6.439085864680394e-06
20.025,1.28812529346517e-06
20.055,-2.227368300791385e-06
20.085,-2.188935863314118e-06
20.115,3.421185283026748e-06
20.145,-3.925885357664895e-06
20.175,-7.856771641603574e-07
20.205,2.294004483733604e-06
20.235,-2.436640460349226e-06
20.265,5.388019969655537e-06
20.295,8.341514809622266e-07
20.325,2.562752909156252e-07
20.355,-1.309997172254176e-06
20.385,7.204690434525762e-09
20.415,9.416751303205351e-07
20.445,-2.21593621972313e-06
20.475,-5.457574540762566e-07
20.505,4.706006139020003e-06
20.535,-1.897224582297907e-08
20.565,-1.860448279412952e-06
20.595,3.576325184530271e-06
20.625,1.084540364217068e-06
20.655,8.347414373402473e-07
20.685,-3.224411544433536e-06
20.715,-7.84252605426361e-07
20.745,4.351661371387872e-07
20.775,3.476019690196175e-06
20.805,4.324033636080027e-07
20.835,2.258491029485943e-06
20.865,-4.632587253208809e-06
20.895,8.924821269379324e-07
20.925,-3.563406944850911e-06
20.955,-1.256084661782619e-06
20.985,1.035097377158345e-06
21.015,-1.500568576173755e-06
21.045,-2.99140691062405e-06
21.075,4.854847390378669e-06
21.105,1.273621421452042e-06
21.135,3.119982790331099e-06
21.165,-6.162521341834815e-08
21.195,-2.944600574789069e-06
21.225,1.125818068423157e-06
21.255,8.69978267079019e-07
21.285,7.110843688928892e-06
21.315,-4.007426652637147e-06
21.345,-5.663069689021416e-07
21.375,4.916849701996906e-06
21.405,4.70323504768444e-06
21.435,-2.122300440873803e-07
21.465,5.838310749677056e-07
21.495,-6.633415741667467e-06
21.525,-1.989236384464937e-06
21.555,1.382727701539077e-07
21.585,2.116935186452507e-06
21.615,-2.07983866187117e-06
21.645,1.44118424142553e-06
21.675,-9.036273074386481e-07
21.705,-5.784091890032039e-07
21.735,-1.788497677658596e-06
21.765,-3.11946665461707e-06
21.795,-2.005939201233514e-06
21.825,5.319184411135824e-06
21.855,6.903460821980345e-06
21.885,2.878558355845495e-07
21.915,2.689795575515352e-06
21.945,-3.553575338384463e-06
21.975,-3.274404413999843e-07
22.005,-3.211563530745865e-06
22.035,1.917338184470596e-07
22.065,-1.195338325057915e-07
22.095,6.578548642423299e-06
22.125,-3.748354883356675e-07
22.155,3.285420974871722e-06
22.185,-4.3330091605287e-06
22.215,8.610677795506394e-07
22.245,1.884015613379253e-07
22.275,1.026931967323952e-06
22.305,-2.287236048698071e-06
22.335,6.508711245425958e-06
22.365,-2.843134962876581e-06
22.395,3.633869620073282e-07
22.425,-1.419301843205711e-06
22.455,8.167632413735859e-07
22.485,-1.620467782473267e-06
22.515,8.809254499614338e-07
22.545,1.471621524598565e-06
22.575,8.215282164866777e-06
22.605,-2.962001605058551e-06
22.635,3.356363008119589e-06
22.665,4.511026669568041e-07
22.695,6.588158739107008e-06
22.725,-5.519273621745757e-07
22.755,2.305838261273951e-06
22.785,6.665168585523462e-07
22.815,9.576035197023103e-07
22.845,-9.231720128552445e-07
22.875,-4.68205709661107e-07
22.905,-9.320470053565677e-07
22.935,-1.38864542732417e-06
22.965,-1.451361123745026e-06
22.995,3.796300219374021e-06
23.025,2.672000544851061e-07
23.055,4.402428090272137e-06
23.085,-1.406135522005747e-06
23.115,-1.020138579124752e-06
23.145,-3.683146661208336e-06
23.175,4.772111844592725e-06
23.205,4.656204996296431e-06
23.235,-8.377307743889784e-07
23.265,-9.963712269273062e-07
23.295,-3.134371924104484e-06
23.325,7.444773913456437e-07
23.355,-3.672897445364254e-06
23.385,1.037592880712146e-06
23.415,-2.044494880802661e-06
23.445,2.07282466004044e-07
23.475,-5.215741836733789e-06
23.505,-4.374489199113207e-06
23.535,1.680567299142122e-06
23.565,3.023042584260338e-06
23.595,-2.792208495125403e-06
23.625,-1.214766774185194e-06
23.655,6.261400040452614e-06
23.685,2.708592279188071e-06
23.715,-3.509226977602142e-06
23.745,2.774247127190765e-06
23.775,5.037223796466872e-06
23.805,-1.102726195162385e-06
23.835,-6.305329350669853e-06
23.865,1.422695011452091e-06
23.895,2.976894393033613e-06
23.925,5.41156111186214e-06
23.955,1.573876298358035e-06
23.985,-2.509664502881037e-07
24.015,-3.870113496964867e-06
24.045,-4.714766641947254e-06
24.075,-2.205685124823109e-07
24.105,1.04426242829303e-06
24.135,4.055804581987177e-06
24.165,-3.183778342817634e-06
24.195,8.778291797628679e-08
24.225,2.827908093874787e-07
24.255,1.32433990822356e-06
24.285,1.630142880473806e-07
24.315,-3.329896945403199e-07
24.345,1.347107989227436e-06
24.375,6.466909204666527e-07
24.405,7.033265774364361e-06
24.435,-1.268903400755694e-06
24.465,2.459103436436294e-07
24.495,1.444102097805655e-06
24.525,8.144497569972931e-07
24.555,2.801007686514811e-06
24.585,-2.108722971350119e-06
24.615,5.510655660123653e-07
24.645,-1.881792362184997e-06
24.675,-5.491066689539137e-07
24.705,-1.647386748154789e-06
24.735,-6.963586740377226e-06
24.765,-8.668491320584781e-07
24.795,-2.179648187633498e-08
24.825,-1.190887085280104e-06
24.855,-6.09920310770673e-07
24.885,5.114148544566044e-06
24.915,6.215931627751026e-08
24.945,-1.573056229720038e-08
24.975,7.887716925170096e-07
25.005,2.779972680888587e-06
25.035,-4.634166503203474e-06
25.065,2.050363079153517e-06
25.095,3.376775759011963e-07
25.125,8.184058645777093e-07
25.155,1.953235632679018e-06
25.185,-3.046524786914917e-06
25.215,3.312087021783983e-06
25.245,1.329816924293403e-06
25.275,-7.747801207345917e-06
25.305,3.359851386511292e-06
25.335,7.040051990814256e-07
25.365,3.782505527336055e-06
25.395,3.946307753840972e-06
25.425,2.487760339592304e-06
25.455,2.596147366459856e-06
25.485,-3.646370493826101e-06
25.515,-3.240923201336399e-06
25.545,-2.334201557929738e-06
25.575,-2.024346187567971e-06
25.605,1.321451841979071e-07
25.635,1.395282252791841e-07
25.665,3.58404604064444e-07
25.695,2.943683993249235e-06
25.725,-2.987574628798839e-07
25.755,-1.532009741053719e-06
25.785,-1.117003172165787e-06
25.815,2.943642417221892e-06
25.845,-1.982276945831918e-06
25.875,2.191157510149366e-06
25.905,-1.899841031716143e-07
25.935,-3.560426674292794e-06
25.965,-2.551923577440163e-06
25.995,1.457276497737747e-06
26.025,2.192793310457075e-06
26.055,6.888680042158035e-07
26.085,6.508140394101414e-07
26.115,-5.804654966273803e-07
26.145,9.082764568950352e-06
26.175,5.273811397692174e-06
26.205,3.484337627666922e-06
26.235,3.477604535662843e-06
26.265,3.026089403813936e-06
26.295,4.667616260861651e-06
26.325,-2.263446556849402e-06
26.355,-2.586253050357312e-06
26.385,-7.328234536363443e-06
26.415,-6.03446879901548e-06
26.445,-4.111033338582981e-06
26.475,-2.194375303993246e-06
26.505,1.159173662751423e-06
26.535,-6.009196282380502e-07
26.565,3.649237609211486e-06
26.595,9.948420057514021e-07
26.625,1.335625791226008e-06
26.655,-2.047855343554478e-06
26.685,1.278872484135676e-06
26.715,3.025628529251031e-06
26.745,-2.331907517083565e-08
26.775,2.406593981457705e-07
26.805,2.613994353029003e-06
26.835,-3.622154892968243e-07
26.865,3.585137363551483e-06
26.895,5.869495580818063e-07
26.925,-2.15267208385217e-06
26.955,-4.132928156180826e-06
26.985,-2.155106426773856e-06
27.015,-7.65740561632644e-07
27.045,-2.615796747120619e-06
27.075,-2.65797214648103e-06
27.105,-3.47306787659013e-06
27.135,-2.572239448273006e-06
27.165,3.003110166877043e-06
27.195,-1.845621456053603e-06
27.225,-5.673636624820011e-07
27.255,-2.815578800510754e-06
27.285,4.420297930185502e-07
27.315,3.897564557264754e-06
27.345,4.748663854581281e-06
27.375,6.700946363902283e-07
27.405,3.499729192002476e-07
27.435,-1.097530736154928e-06
27.465,-6.074407027933937e-07
27.495,-1.479400399226338e-06
27.525,-2.489307609626623e-07
27.555,-1.85149743306412e-06
27.585,3.686505939494433e-06
27.61499999999999,1.671762679358868e-06
27.645,-3.989732432935732e-06
27.675,3.625918925265897e-06
27.705,1.342980877297451e-06
27.735,-3.924166777691251e-06
27.765,4.987418142948785e-06
27.795,1.316327827877162e-06
27.825,-1.476516535148242e-07
27.855,-2.024383316812095e-06
27.885,4.906206108545863e-06
27.915,2.867336892115047e-06
27.945,2.919501271791969e-06
27.975,3.60687604938903e-06
28.005,-1.905089008616412e-06
28.035,-5.102015262298254e-06
28.065,-1.260974323263886e-06
28.095,4.001771427238066e-06
28.125,-3.505263683339921e-07
28.155,-7.602957436958491e-06
28.185,-3.975660877654497e-06
28.215,-1.399235960708456e-07
28.245,-2.091971798803827e-06
28.275,-5.039729231853807e-08
28.305,1.240811476916487e-06
28.335,-6.589394535405201e-06
28.365,2.664201057163418e-07
28.395,-1.730286417443716e-06
28.425,-2.221858255380127e-06
28.455,-2.806530894045034e-06
28.485,1.727758476885444e-06
28.515,-2.048563951528859e-07
28.545,8.020889235849094e-07
28.575,-2.833419587955355e-06
28.605,-1.873526082968313e-06
28.635,6.525822107139589e-07
28.665,-4.615980523231533e-06
28.695,6.443065378919366e-06
28.725,-1.508684673953709e-06
28.755,-8.637533883693038e-06
28.785,-1.787034145536714e-06
28.815,-2.951157410113758e-08
28.845,3.250869643270371e-07
28.875,-2.182036902095841e-06
28.905,-5.154627485695618e-06
28.935,-2.784879010363228e-06
28.965,-1.329419929031218e-06
28.995,-2.539383212126281e-06
29.025,-1.047481384679194e-06
29.055,3.037297959390672e-07
29.085,-9.644174308737208e-07
29.11499999999999,-1.307380279202963e-06
29.14499999999999,2.365023369990671e-06
29.175,6.630882990049658e-07
29.205,-1.103122511614263e-06
29.235,-1.197116834675271e-06
29.265,4.099503139592953e-07
29.295,2.260327002609475e-06
29.325,-2.720358540014844e-06
29.355,-2.82769361810431e-06
29.385,-1.336961762729572e-06
29.415,7.911098478065315e-06
29.445,-1.167213091629246e-06
29.47499999999999,1.883755929212505e-06
29.505,-1.045379592143174e-06
29.535,4.24237750186289e-06
29.565,-1.20357094542372e-06
29.595,-1.510117986103232e-06
29.625,2.115013151018919e-06
29.655,6.541481156127626e-07
29.685,1.102698836144556e-06
29.715,5.515479435148907e-06
29.745,-3.612138154873018e-06
29.775,-2.843480326024383e-06
29.80499999999999,-4.070731182425485e-06
29.835,-1.215182310526641e-06
29.865,-2.480661419959618e-06
29.895,3.189254201327318e-06
29.925,-9.385472052314547e-08
29.955,7.714804976938217e-07
29.985,2.12196923203567e-06
30.015,7.787832675548723e-07
30.045,-2.60289705644734e-06
30.075,-7.16931110533725e-06
30.105,-4.482509388434308e-06
30.13499999999999,4.015011853347739e-06
30.16499999999999,-3.107085953260591e-06
30.195,-2.057754582646121e-06
30.225,1.491419458307663e-06
30.255,2.734199212400812e-06
30.285,6.210390268469868e-06
30.315,-2.007588666447235e-06
30.345,4.123634076695637e-06
30.375,-4.109687170333193e-06
30.405,4.084938938239344e-06
30.435,-4.488535431048215e-06
30.465,-9.740281049948341e-08
30.49499999999999,-4.475205019338624e-06
30.525,4.827653779862495e-07
30.555,2.304718082109247e-06
30.585,1.890602771004168e-07
30.615,4.348656170251319e-06
30.645,-3.341169765025409e-07
30.675,-5.798444561180838e-06
30.705,-3.715882918878255e-06
30.735,-1.993566658975432e-07
30.765,-3.651687622160948e-06
30.79499999999999,1.749733037716139e-06
30.825,-6.528587974029276e-06
30.85499999999999,-1.627256375313912e-06
30.885,5.905500089747884e-06
30.915,-2.395147384588563e-07
30.945,-2.355122480073718e-06
30.975,2.292788828229392e-06
31.005,1.565791299586866e-07
31.035,-1.67859907701691e-06
31.065,-1.335175449524578e-07
31.095,5.842297894692247e-06
31.125,-2.356955431088645e-06
31.15499999999999,1.517377950246545e-06
31.185,-1.543861033400512e-06
31.215,1.569370986255481e-06
31.245,8.605818323931258e-07
31.275,-6.823682863199565e-07
31.305,-2.256478735543355e-06
31.335,9.923583583759665e-07
31.365,1.575240132695166e-06
31.395,2.497043360000228e-07
31.425,4.983569530797594e-07
31.45499999999999,4.277094208388066e-07
31.485,-2.348942434116097e-06
31.51499999999999,-9.922282008245631e-07
31.545,-6.902282767118351e-06
31.575,-2.003848503517869e-07
31.605,-6.18227313203823e-06
31.635,3.805134069223559e-07
31.665,-7.444623294397545e-06
31.695,4.230883771383365e-07
31.725,-1.508934813904128e-06
31.755,-3.538366418330552e-06
31.785,-3.41332249679735e-06
31.81499999999999,-4.599422422889299e-06
31.845,-2.599960789063591e-06
31.87499999999999,7.59620560761981e-07
31.90499999999999,7.209925501201059e-06
31.935,-5.049769859155617e-06
31.965,1.061379730389611e-06
31.995,3.103883549925024e-06
32.025,-4.191828947341936e-06
32.055,4.655584733427587e-06
32.085,9.180854324483678e-07
32.11499999999999,-3.378752516373928e-06
32.145,2.086461075995194e-07
32.175,-1.748259062891999e-06
32.20499999999999,-3.06212670662942e-06
32.23499999999999,-1.002434210996966e-06
32.26499999999999,-3.895469943247798e-07
32.295,5.405777210969187e-07
32.325,-6.00085891810714e-06
32.355,-2.829216111492616e-07
32.385,3.462618537487805e-06
32.415,-4.149925172395458e-06
32.445,2.951570475650395e-06
32.47499999999999,-2.255751702883585e-06
32.505,-3.53295800959233e-06
32.535,1.292928088087245e-06
32.56499999999999,-5.162692152671511e-07
32.59499999999999,1.346091749714756e-06
32.62500000000001,2.387120511988805e-06
32.655,-2.05197797930462e-06
32.685,3.629597570553589e-07
32.715,3.745523171436171e-06
32.745,-1.543666881154149e-06
32.775,-3.852020357200669e-06
32.805,1.451070036073698e-07
32.83499999999999,5.17680375483609e-07
32.86499999999999,4.293581057301932e-06
32.895,-1.146770366472483e-06
32.92499999999999,3.913536842273246e-06
32.95500000000001,1.719986333761914e-06
32.985,2.479536273233829e-06
33.015,4.399093419357736e-06
33.045,-6.635653821002174e-07
33.075,7.147223568107486e-06
33.105,2.751263624638234e-06
33.135,2.027280201488679e-06
33.165,-4.616980847114288e-06
33.19499999999999,-3.975431727101797e-06
33.22499999999999,-1.872000746968444e-06
33.255,3.23479913112712e-07
33.28499999999999,6.504741618837146e-06
33.315,3.87041472194212e-06
33.345,-4.336145144438752e-07
